-10.000000 20201.989582
-9.900000 18572.819007
-9.800000 17022.920308
-9.700000 15549.733704
-9.600000 14150.750820
-9.500000 12823.514197
-9.400000 11565.616793
-9.300000 10374.701494
-9.200000 9248.460620
-9.100000 8184.635428
-9.000000 7181.015624
-8.900000 6235.438864
-8.800000 5345.790267
-8.700000 4510.001914
-8.600000 3726.052359
-8.500000 2991.966136
-8.400000 2305.813264
-8.300000 1665.708752
-8.200000 1069.812110
-8.100000 516.326851
-8.000000 3.500000
-7.900000 -470.378401
-7.800000 -906.975784
-7.700000 -1307.917552
-7.600000 -1674.787569
-7.500000 -2009.128656
-7.400000 -2312.443083
-7.300000 -2586.193064
-7.200000 -2831.801248
-7.100000 -3050.651215
-7.000000 -3244.087968
-6.900000 -3413.418428
-6.800000 -3559.911925
-6.700000 -3684.800694
-6.600000 -3789.280367
-6.500000 -3874.510466
-6.400000 -3941.614899
-6.300000 -3991.682451
-6.200000 -4025.767278
-6.100000 -4044.889401
-6.000000 -4050.035200
-5.900000 -4042.157906
-5.800000 -4022.178095
-5.700000 -3990.984183
-5.600000 -3949.432917
-5.500000 -3898.349869
-5.400000 -3838.529934
-5.300000 -3770.737814
-5.200000 -3695.708521
-5.100000 -3614.147866
-5.000000 -3526.732953
-4.900000 -3434.112671
-4.800000 -3336.908192
-4.700000 -3235.713458
-4.600000 -3131.095682
-4.500000 -3023.595834
-4.400000 -2913.729139
-4.300000 -2801.985571
-4.200000 -2688.830343
-4.100000 -2574.704404
-4.000000 -2460.024929
-3.900000 -2345.185817
-3.800000 -2230.558179
-3.700000 -2116.490835
-3.600000 -2003.310810
-3.500000 -1891.323820
-3.400000 -1780.814772
-3.300000 -1672.048255
-3.200000 -1565.269033
-3.100000 -1460.702541
-3.000000 -1358.555376
-2.900000 -1259.015788
-2.800000 -1162.254182
-2.700000 -1068.423603
-2.600000 -977.660234
-2.500000 -890.083885
-2.400000 -805.798494
-2.300000 -724.892614
-2.200000 -647.439907
-2.100000 -573.499643
-2.000000 -503.117185
-1.900000 -436.324490
-1.800000 -373.140599
-1.700000 -313.572130
-1.600000 -257.613774
-1.500000 -205.248785
-1.400000 -156.449477
-1.300000 -111.177715
-1.200000 -69.385410
-1.100000 -31.015011
-1.000000 4.000000
-0.900000 35.734615
-0.800000 64.271807
-0.700000 89.702037
-0.600000 112.122758
-0.500000 131.637925
-0.400000 148.357498
-0.300000 162.396953
-0.200000 173.876783
-0.100000 182.922009
-0.000000 189.661684
0.100000 194.228401
0.200000 196.757799
0.300000 197.388068
0.400000 196.259458
0.500000 193.513786
0.600000 189.293938
0.700000 183.743380
0.800000 177.005663
0.900000 169.223929
1.000000 160.540420
1.100000 151.095980
1.200000 141.029565
1.300000 130.477748
1.400000 119.574229
1.500000 108.449334
1.600000 97.229531
1.700000 86.036927
1.800000 74.988783
1.900000 64.197016
2.000000 53.767703
2.100000 43.800595
2.200000 34.388617
2.300000 25.617378
2.400000 17.564674
2.500000 10.300000
2.600000 3.884051
2.700000 -1.631768
2.800000 -6.205837
2.900000 -9.806814
3.000000 -12.414129
3.100000 -14.018477
3.200000 -14.622310
3.300000 -14.240334
3.400000 -12.900000
3.500000 -10.641997
3.600000 -7.520748
3.700000 -3.604900
3.800000 1.022179
3.900000 6.261907
4.000000 12.000000
4.100000 18.105969
4.200000 24.432636
4.300000 30.815632
4.400000 37.072911
4.500000 43.004252
4.600000 48.390766
4.700000 52.994405
4.800000 56.557465
4.900000 58.802096
5.000000 59.429806
5.100000 58.120967
5.200000 54.534324
5.300000 48.306501
5.400000 39.051507
5.500000 26.360241
5.600000 9.800000
5.700000 -11.086013
5.800000 -36.779186
5.900000 -67.785987
6.000000 -104.638463
6.100000 -147.894728
6.200000 -198.139461
6.300000 -255.984395
6.400000 -322.068816
6.500000 -397.060051
6.600000 -481.653964
6.700000 -576.575451
6.800000 -682.578931
6.900000 -800.448839
7.000000 -931.000123
7.100000 -1075.078734
7.200000 -1233.562122
7.300000 -1407.359726
7.400000 -1597.413472
7.500000 -1804.698262
7.600000 -2030.222473
7.700000 -2275.028444
7.800000 -2540.192975
7.900000 -2826.827815
8.000000 -3136.080162
8.100000 -3469.133152
8.200000 -3827.206352
8.300000 -4211.556258
8.400000 -4623.476783
8.500000 -5064.299754
8.600000 -5535.395405
8.700000 -6038.172869
8.800000 -6574.080673
8.900000 -7144.607231
9.000000 -7751.281338
9.100000 -8395.672661
9.200000 -9079.392237
9.300000 -9804.092961
9.400000 -10571.470086
9.500000 -11383.261708
9.600000 -12241.249270
9.700000 -13147.258044
9.800000 -14103.157636
9.900000 -15110.862469
