-100.000000 0.000088 11.026354
-99.900000 0.000244 20.366554
-99.800000 0.000498 30.171377
-99.700000 0.000846 38.873082
-99.600000 0.001272 45.122020
-99.500000 0.001744 47.912383
-99.400000 0.002226 46.670542
-99.300000 0.002675 41.298380
-99.200000 0.003050 32.168341
-99.100000 0.003318 20.071473
-99.000000 0.003453 6.124120
-98.900000 0.003441 -8.357187
-98.800000 0.003285 -22.000215
-98.700000 0.002998 -33.526626
-98.600000 0.002607 -41.892023
-98.500000 0.002149 -46.402689
-98.400000 0.001665 -46.797460
-98.300000 0.001196 -43.286456
-98.200000 0.000780 -36.542444
-98.100000 0.000446 -27.645066
-98.000000 0.000208 -17.982619
-97.900000 0.000069 -9.120110
-97.800000 0.000010 -2.645588
-97.700000 0.000000 -0.008929
-97.600000 -0.000008 -2.368122
-97.500000 -0.000070 -10.457679
-97.400000 -0.000249 -24.491920
-97.300000 -0.000606 -44.112936
-97.200000 -0.001197 -68.389103
-97.100000 -0.002065 -95.865540
-97.000000 -0.003236 -124.663272
-96.900000 -0.004712 -152.619436
-96.800000 -0.006476 -177.457129
-96.700000 -0.008481 -196.970678
-96.600000 -0.010662 -209.210601
-96.500000 -0.012933 -212.652317
-96.400000 -0.015194 -206.333908
-96.300000 -0.017337 -189.950738
-96.200000 -0.019255 -163.898343
-96.100000 -0.020847 -129.259368
-96.000000 -0.022028 -87.735072
-95.900000 -0.022733 -41.526663
-95.800000 -0.022923 6.824015
-95.700000 -0.022586 54.621432
-95.600000 -0.021741 99.215620
-95.500000 -0.020435 138.197330
-95.400000 -0.018738 169.573112
-95.300000 -0.016742 191.906059
-95.200000 -0.014549 204.410971
-95.100000 -0.012268 206.996558
-95.000000 -0.010006 200.251889
-94.900000 -0.007861 185.379019
-94.800000 -0.005914 164.078235
-94.700000 -0.004226 138.396368
-94.600000 -0.002836 110.551552
-94.500000 -0.001756 82.749669
-94.400000 -0.000976 57.008172
-94.300000 -0.000463 35.002069
-94.200000 -0.000170 17.944671
-94.100000 -0.000038 6.512449
-94.000000 -0.000002 0.819319
-93.900000 0.000001 0.441190
-93.800000 0.000025 4.487190
-93.700000 0.000115 11.709873
-93.600000 0.000298 20.643377
-93.500000 0.000587 29.756221
-93.400000 0.000974 37.604315
-93.300000 0.001440 42.970053
-93.200000 0.001949 44.974821
-93.100000 0.002460 43.154965
-93.000000 0.002929 37.494773
-92.900000 0.003314 28.414105
-92.800000 0.003577 16.712625
-92.700000 0.003696 3.476589
-92.600000 0.003657 -10.042330
-92.500000 0.003465 -22.564146
-92.400000 0.003138 -32.920101
-92.300000 0.002706 -40.180952
-92.200000 0.002209 -43.761392
-92.100000 0.001692 -43.490265
-92.000000 0.001198 -39.639410
-91.900000 0.000767 -32.907914
-91.800000 0.000426 -24.362684
-91.700000 0.000191 -15.340454
-91.600000 0.000057 -7.319950
-91.500000 0.000006 -1.775901
-91.400000 -0.000000 -0.028368
-91.300000 -0.000014 -3.101530
-91.200000 -0.000096 -11.605362
-91.100000 -0.000315 -25.651748
-91.000000 -0.000735 -44.813624
-90.900000 -0.001414 -68.131934
-90.800000 -0.002396 -94.170965
-90.700000 -0.003703 -121.118288
-90.600000 -0.005336 -146.921479
-90.500000 -0.007269 -169.450422
-90.400000 -0.009452 -186.671574
-90.300000 -0.011809 -196.819349
-90.200000 -0.014244 -198.549818
-90.100000 -0.016651 -191.063312
-90.000000 -0.018912 -174.185039
-89.900000 -0.020914 -148.396360
-89.800000 -0.022551 -114.813519
-89.700000 -0.023735 -75.115101
-89.600000 -0.024401 -31.423865
-89.500000 -0.024511 13.847524
-89.400000 -0.024058 58.174241
-89.300000 -0.023068 99.105931
-89.200000 -0.021596 134.446870
-89.100000 -0.019720 162.414923
-89.000000 -0.017540 181.766388
-88.900000 -0.015169 191.876762
-88.800000 -0.012724 192.771295
-88.700000 -0.010317 185.103441
-88.600000 -0.008051 170.083782
-88.500000 -0.006009 149.366147
-88.400000 -0.004253 124.901211
-88.300000 -0.002820 98.770473
-88.200000 -0.001719 73.014998
-88.100000 -0.000934 49.473525
-88.000000 -0.000429 29.643471
-87.900000 -0.000148 14.576139
-87.800000 -0.000029 4.814249
-87.700000 -0.000001 0.376029
-87.600000 0.000002 0.785963
-87.500000 0.000037 5.148101
-87.400000 0.000149 12.254187
-87.300000 0.000364 20.715857
-87.200000 0.000692 29.108204
-87.100000 0.001124 36.111235
-87.000000 0.001633 40.636166
-86.900000 0.002183 41.925124
-86.800000 0.002727 39.615463
-86.700000 0.003219 33.763335
-86.600000 0.003612 24.824989
-86.500000 0.003870 13.598295
-86.400000 0.003969 1.130660
-86.300000 0.003900 -11.397335
-86.200000 0.003668 -22.801060
-86.100000 0.003296 -32.021012
-86.000000 0.002818 -38.239367
-85.900000 0.002278 -40.972462
-85.800000 0.001723 -40.130002
-85.700000 0.001202 -36.034941
-85.600000 0.000754 -29.401658
-85.500000 0.000407 -21.274004
-85.400000 0.000173 -12.928580
-85.300000 0.000047 -5.751932
-85.200000 0.000004 -1.102901
-85.100000 -0.000000 -0.172876
-85.000000 -0.000022 -3.857086
-84.900000 -0.000131 -12.649228
-84.800000 -0.000397 -26.569755
-84.700000 -0.000892 -45.135268
-84.600000 -0.001673 -67.372804
-84.500000 -0.002785 -91.878840
-84.400000 -0.004249 -116.918812
-84.300000 -0.006061 -140.559280
-84.200000 -0.008189 -160.821834
-84.100000 -0.010573 -175.845807
-84.000000 -0.013129 -184.045873
-83.900000 -0.015751 -184.250917
-83.800000 -0.018322 -175.812015
-83.700000 -0.020716 -158.669920
-83.600000 -0.022812 -133.375831
-83.500000 -0.024498 -101.063195
-83.400000 -0.025684 -63.372441
-83.300000 -0.026303 -22.334567
-83.200000 -0.026321 19.776989
-83.100000 -0.025737 60.614064
-83.000000 -0.024582 97.927293
-82.900000 -0.022920 129.731167
-82.800000 -0.020841 154.447143
-82.700000 -0.018455 171.013212
-82.600000 -0.015883 178.951239
-82.500000 -0.013251 178.387023
-82.400000 -0.010680 170.022052
-82.300000 -0.008277 155.060044
-82.200000 -0.006127 135.095148
-82.100000 -0.004294 111.971852
-82.000000 -0.002812 87.628907
-81.900000 -0.001686 63.940756
-81.800000 -0.000895 42.569939
-81.700000 -0.000396 24.842769
-81.600000 -0.000128 11.658311
-81.500000 -0.000021 3.437627
-81.400000 -0.000000 0.116560
-81.300000 0.000005 1.181450
-81.200000 0.000053 5.743372
-81.100000 0.000191 12.643140
-81.000000 0.000443 20.576721
-80.900000 0.000817 28.229070
-80.800000 0.001298 34.403842
-80.700000 0.001858 38.137068
-80.600000 0.002454 38.784542
-80.500000 0.003035 36.075273
-80.400000 0.003550 30.126614
-80.300000 0.003952 21.420317
-80.200000 0.004204 10.742444
-80.100000 0.004281 -0.906592
-80.000000 0.004176 -12.422787
-79.900000 0.003899 -22.719142
-79.800000 0.003475 -30.844249
-79.700000 0.002945 -36.087233
-79.600000 0.002356 -38.058724
-79.500000 0.001761 -36.739792
-79.400000 0.001210 -32.493784
-79.300000 0.000743 -26.039518
-79.200000 0.000388 -18.387886
-79.100000 0.000157 -10.747435
-79.000000 0.000038 -4.407442
-78.900000 0.000002 -0.609193
-78.800000 -0.000001 -0.417449
-78.700000 -0.000035 -4.604183
-78.600000 -0.000176 -13.555742
-78.500000 -0.000500 -27.212599
-78.400000 -0.001082 -45.048017
-78.300000 -0.001983 -66.088532
-78.200000 -0.003248 -88.975417
-78.100000 -0.004895 -112.062621
-78.000000 -0.006914 -133.543349
-77.900000 -0.009266 -151.594805
-77.800000 -0.011881 -164.528868
-77.700000 -0.014665 -170.935810
-77.600000 -0.017501 -169.808592
-77.500000 -0.020260 -160.636846
-77.400000 -0.022805 -143.462151
-77.300000 -0.025006 -118.889453
-77.200000 -0.026748 -88.053221
-77.100000 -0.027934 -52.540770
-77.000000 -0.028498 -14.278820
-76.900000 -0.028410 24.607467
-76.800000 -0.027674 61.951431
-76.700000 -0.026329 95.704928
-76.600000 -0.024450 124.088266
-76.500000 -0.022138 145.717838
-76.400000 -0.019515 159.701125
-76.300000 -0.016713 165.691611
-76.200000 -0.013868 163.899554
-76.100000 -0.011109 155.058350
-76.000000 -0.008548 140.349985
-75.900000 -0.006275 121.296480
-75.800000 -0.004353 99.627059
-75.700000 -0.002814 77.132664
-75.600000 -0.001657 55.520370
-75.500000 -0.000858 36.280012
-75.400000 -0.000364 20.574094
-75.300000 -0.000109 9.159792
-75.200000 -0.000015 2.348912
-75.100000 -0.000000 0.008218
-75.000000 0.000009 1.598917
-74.900000 0.000075 6.250675
-74.800000 0.000244 12.862514
-74.700000 0.000539 20.220709
-74.600000 0.000966 27.122448
-74.500000 0.001505 32.493711
-74.400000 0.002122 35.490584
-74.300000 0.002770 35.574889
-74.200000 0.003392 32.557604
-74.100000 0.003934 26.606553
-74.000000 0.004346 18.218312
-73.900000 0.004589 8.157567
-73.800000 0.004640 -2.629772
-73.700000 0.004494 -13.120977
-73.600000 0.004164 -22.328116
-73.500000 0.003682 -29.405912
-73.400000 0.003093 -33.745258
-73.300000 0.002449 -35.043195
-73.200000 0.001807 -33.342346
-73.100000 0.001221 -29.035699
-73.000000 0.000733 -22.835873
-72.900000 0.000370 -15.711375
-72.800000 0.000140 -8.795465
-72.700000 0.000030 -3.275889
-72.600000 0.000001 -0.275623
-72.500000 -0.000003 -0.735738
-72.400000 -0.000054 -5.311436
-72.300000 -0.000234 -14.291271
-72.200000 -0.000628 -27.547570
-72.100000 -0.001315 -44.523368
-72.000000 -0.002359 -64.257921
-71.900000 -0.003804 -85.449434
-71.800000 -0.005664 -106.550291
-71.700000 -0.007926 -125.887093
-71.600000 -0.010539 -141.795523
-71.500000 -0.013425 -152.758618
-71.400000 -0.016474 -157.536581
-71.300000 -0.019558 -155.276856
-71.200000 -0.022533 -145.594814
-71.100000 -0.025252 -128.617788
-71.000000 -0.027576 -104.988344
-70.900000 -0.029379 -75.826084
-70.800000 -0.030564 -42.650833
-70.700000 -0.031065 -7.273362
-70.600000 -0.030852 28.337468
-70.500000 -0.029938 62.200207
-70.400000 -0.028373 92.467025
-70.300000 -0.026241 117.558599
-70.200000 -0.023659 136.276718
-70.100000 -0.020759 147.885508
-70.000000 -0.017690 152.154978
-69.900000 -0.014598 149.363730
-69.800000 -0.011621 140.261238
-69.700000 -0.008878 125.993465
-69.600000 -0.006461 107.998675
-69.500000 -0.004435 87.882728
-69.400000 -0.002827 67.284758
-69.300000 -0.001635 47.744771
-69.200000 -0.000824 30.584332
-69.100000 -0.000335 16.810196
-69.000000 -0.000092 7.048518
-68.900000 -0.000009 1.514493
-68.800000 0.000000 0.019054
-68.700000 0.000016 2.010948
-68.600000 0.000104 6.649414
-68.500000 0.000310 12.900058
-68.400000 0.000658 19.644556
-68.300000 0.001146 25.793792
-68.200000 0.001752 30.393903
-68.100000 0.002436 32.715545
-68.000000 0.003143 32.318420
-67.900000 0.003813 29.085513
-67.800000 0.004386 23.224387
-67.700000 0.004808 15.236016
-67.600000 0.005040 5.854633
-67.500000 0.005060 -4.035179
-67.400000 0.004865 -13.495875
-67.300000 0.004475 -21.639194
-67.200000 0.003925 -27.723227
-67.100000 0.003266 -31.234785
-67.000000 0.002558 -31.948952
-66.900000 0.001863 -29.959851
-66.800000 0.001237 -25.679361
-66.700000 0.000725 -19.803555
-66.600000 0.000353 -13.249653
-66.500000 0.000125 -7.069111
-66.400000 0.000022 -2.344742
-66.300000 0.000000 -0.081358
-66.200000 -0.000006 -1.100156
-66.100000 -0.000079 -5.946817
-66.000000 -0.000310 -14.822230
-65.900000 -0.000790 -27.542741
-65.800000 -0.001604 -43.534308
-65.700000 -0.002819 -61.861877
-65.600000 -0.004479 -81.292196
-65.500000 -0.006595 -100.385237
-65.400000 -0.009144 -117.606797
-65.300000 -0.012067 -131.452861
-65.200000 -0.015272 -140.575181
-65.100000 -0.018634 -143.897246
-65.000000 -0.022009 -140.710588
-64.900000 -0.025239 -130.742920
-64.800000 -0.028163 -114.191986
-64.700000 -0.030629 -91.721880
-64.600000 -0.032505 -64.421796
-64.500000 -0.033687 -33.730349
-64.400000 -0.034111 -1.331569
-64.300000 -0.033751 30.968946
-64.200000 -0.032627 61.377532
-64.100000 -0.030800 88.244639
-64.000000 -0.028371 110.184845
-63.900000 -0.025469 126.174960
-63.800000 -0.022245 135.622342
-63.700000 -0.018861 138.398151
-63.600000 -0.015478 134.833265
-63.500000 -0.012243 125.677762
-63.400000 -0.009283 112.027930
-63.300000 -0.006697 95.227501
-63.200000 -0.004546 76.751882
-63.100000 -0.002857 58.085455
-63.000000 -0.001620 40.602482
-62.900000 -0.000793 25.461603
-62.800000 -0.000307 13.522592
-62.700000 -0.000076 5.291914
-62.600000 -0.000006 0.900968
-62.500000 0.000000 0.117990
-62.400000 0.000027 2.391540
-62.300000 0.000143 6.920793
-62.200000 0.000395 12.745511
-62.100000 0.000804 18.846973
-62.000000 0.001366 24.250329
-61.900000 0.002052 28.118873
-61.800000 0.002815 29.831680
-61.700000 0.003592 29.037711
-61.600000 0.004317 25.681786
-61.500000 0.004925 20.000531
-61.400000 0.005358 12.489201
-61.300000 0.005577 3.843040
-61.200000 0.005559 -5.120816
-61.100000 0.005307 -13.553103
-61.000000 0.004845 -20.665003
-60.900000 0.004214 -25.814446
-60.800000 0.003474 -28.577675
-60.700000 0.002691 -28.799016
-60.600000 0.001933 -26.613843
-60.500000 0.001261 -22.442261
-60.400000 0.000720 -16.953778
-60.300000 0.000336 -11.005998
-60.200000 0.000110 -5.562813
-60.100000 0.000016 -1.599568
-60.000000 0.000000 -0.003968
-59.900000 -0.000013 -1.482000
-59.800000 -0.000116 -6.477801
-59.700000 -0.000410 -15.115242
-59.600000 -0.000996 -27.167122
-59.500000 -0.001966 -42.055451
-59.400000 -0.003391 -58.883524
-59.300000 -0.005312 -76.497652
-59.200000 -0.007736 -93.573740
-59.100000 -0.010633 -108.721606
-59.000000 -0.013930 -120.598312
-58.900000 -0.017518 -128.020832
-58.800000 -0.021257 -130.068362
-58.700000 -0.024982 -126.165360
-58.600000 -0.028518 -116.137984
-58.500000 -0.031686 -100.238827
-58.400000 -0.034322 -79.137531
-58.300000 -0.036283 -53.877766
-58.200000 -0.037462 -25.803919
-58.100000 -0.037792 3.536581
-58.000000 -0.037254 32.507289
-57.900000 -0.035878 59.503758
-57.800000 -0.033738 83.071579
-57.700000 -0.030951 102.011780
-57.600000 -0.027665 115.465047
-57.500000 -0.024052 122.968033
-57.400000 -0.020289 124.477478
-57.300000 -0.016555 120.360588
-57.200000 -0.013010 111.352988
-57.100000 -0.009790 98.488330
-57.000000 -0.006998 83.005939
-56.900000 -0.004697 66.244691
-56.800000 -0.002908 49.532336
-56.700000 -0.001615 34.079722
-56.600000 -0.000766 20.888772
-56.500000 -0.000281 10.681713
-56.400000 -0.000062 3.857041
-56.300000 -0.000003 0.475287
-56.200000 0.000001 0.274939
-56.100000 0.000043 2.716199
-56.000000 0.000194 7.047865
-55.900000 0.000503 12.390606
-55.800000 0.000988 17.828616
-55.700000 0.001640 22.500985
-55.600000 0.002423 25.684374
-55.500000 0.003280 26.859494
-55.400000 0.004141 25.755532
-55.300000 0.004932 22.368824
-55.200000 0.005581 16.954484
-55.100000 0.006027 9.992303
-55.000000 0.006229 2.130576
-54.900000 0.006166 -5.886392
-54.800000 0.005844 -13.299900
-54.700000 0.005294 -19.419522
-54.600000 0.004567 -23.698755
-54.500000 0.003729 -25.796195
-54.400000 0.002856 -25.616227
-54.300000 0.002022 -23.325099
-54.200000 0.001294 -19.340603
-54.100000 0.000719 -14.296063
-54.000000 0.000321 -8.981751
-53.900000 0.000096 -4.269017
-53.800000 0.000011 -1.024089
-53.700000 -0.000000 -0.019512
-53.600000 -0.000024 -1.851570
-53.500000 -0.000166 -6.871507
-53.400000 -0.000542 -15.137294
-53.300000 -0.001263 -26.390815
-53.200000 -0.002429 -40.063179
-53.100000 -0.004113 -55.308310
-53.000000 -0.006358 -71.062468
-52.900000 -0.009164 -86.124975
-52.800000 -0.012490 -99.253507
-52.700000 -0.016246 -109.265916
-52.600000 -0.020306 -115.139885
-52.500000 -0.024507 -116.101828
-52.400000 -0.028663 -111.697265
-52.300000 -0.032573 -101.836455
-52.200000 -0.036042 -86.811141
-52.100000 -0.038886 -67.280711
-52.000000 -0.040952 -44.228685
-51.900000 -0.042126 -18.892955
-51.800000 -0.042341 7.324538
-51.700000 -0.041585 32.961293
-51.600000 -0.039898 56.602376
-51.500000 -0.037373 76.984297
-51.400000 -0.034147 93.086141
-51.300000 -0.030391 104.200597
-51.200000 -0.026298 109.979241
-51.100000 -0.022071 110.448689
-51.000000 -0.017905 105.996703
-50.900000 -0.013978 97.329894
-50.800000 -0.010437 85.407055
-50.700000 -0.007390 71.354153
-50.600000 -0.004901 56.368495
-50.500000 -0.002987 41.620365
-50.400000 -0.001623 28.160510
-50.300000 -0.000744 16.841171
-50.200000 -0.000257 8.257054
-50.100000 -0.000049 2.710752
-50.000000 -0.000001 0.204896
-49.900000 0.000004 0.460929
-49.800000 0.000066 2.962023
-49.700000 0.000264 7.015578
-49.600000 0.000645 11.829084
-49.500000 0.001225 16.592051
-49.400000 0.001988 20.556320
-49.300000 0.002890 23.107363
-49.200000 0.003864 23.820155
-49.100000 0.004829 22.494733
-49.000000 0.005701 19.168521
-48.900000 0.006400 14.104730
-48.800000 0.006862 7.758350
-48.700000 0.007041 0.723385
-48.600000 0.006922 -6.333320
-48.500000 0.006514 -12.745078
-48.400000 0.005855 -17.918003
-48.300000 0.005008 -21.396168
-48.200000 0.004050 -22.912899
-48.100000 0.003065 -22.423126
-48.000000 0.002139 -20.113520
-47.900000 0.001341 -16.389219
-47.800000 0.000723 -11.838182
-47.700000 0.000307 -7.176290
-47.600000 0.000083 -3.178192
-47.500000 0.000006 -0.600233
-47.400000 -0.000000 -0.102643
-47.300000 -0.000041 -2.178299
-47.200000 -0.000238 -7.094850
-47.100000 -0.000721 -14.855892
-47.000000 -0.001617 -25.185167
-46.900000 -0.003032 -37.535776
-46.800000 -0.005048 -51.124117
-46.700000 -0.007705 -64.986089
-46.600000 -0.010995 -78.051034
-46.500000 -0.014863 -89.227300
-46.400000 -0.019201 -97.492189
-46.300000 -0.023857 -101.978579
-46.200000 -0.028642 -102.050747
-46.100000 -0.033340 -97.362758
-46.000000 -0.037725 -87.894250
-45.900000 -0.041572 -73.960349
-45.800000 -0.044679 -56.194636
-45.700000 -0.046878 -35.506405
-45.600000 -0.048046 -13.015604
-45.500000 -0.048117 10.029205
-45.400000 -0.047086 32.343144
-45.300000 -0.045009 52.699954
-45.200000 -0.041999 70.021782
-45.100000 -0.038219 83.456482
-45.000000 -0.033869 92.436214
-44.900000 -0.029171 96.712725
-44.800000 -0.024355 96.366740
-44.700000 -0.019643 91.791067
-44.600000 -0.015232 83.649284
-44.500000 -0.011283 72.813887
-44.400000 -0.007912 60.289494
-44.300000 -0.005183 47.127847
-44.200000 -0.003107 34.341977
-44.100000 -0.001649 22.826787
-44.000000 -0.000729 13.292649
-43.900000 -0.000235 6.217329
-43.800000 -0.000038 1.819843
-43.700000 -0.000000 0.057869
-43.600000 0.000009 0.648210
-43.500000 0.000101 3.107780
-43.400000 0.000360 6.810820
-43.300000 0.000834 11.056686
-43.200000 0.001536 15.141714
-43.100000 0.002442 18.428449
-43.000000 0.003496 20.405893
-42.900000 0.004619 20.735382
-42.800000 0.005716 19.278118
-42.700000 0.006691 16.102164
-42.600000 0.007454 11.468651
-42.500000 0.007934 5.798900
-42.400000 0.008085 -0.374064
-42.300000 0.007893 -6.464704
-42.200000 0.007374 -11.898981
-42.100000 0.006578 -16.176896
-42.000000 0.005578 -18.927433
-41.900000 0.004466 -19.950517
-41.800000 0.003339 -19.241840
-41.700000 0.002294 -16.998029
-41.600000 0.001408 -13.601480
-41.500000 0.000736 -9.586100
-41.400000 0.000296 -5.587020
-41.300000 0.000071 -2.278856
-41.200000 0.000003 -0.308208
-41.100000 -0.000002 -0.226706
-41.000000 -0.000069 -2.430889
-40.900000 -0.000341 -7.114697
-40.800000 -0.000969 -14.239228
-40.700000 -0.002096 -23.522932
-40.600000 -0.003843 -34.453575
-40.500000 -0.006295 -46.321376
-40.400000 -0.009491 -58.270825
-40.300000 -0.013416 -69.366959
-40.200000 -0.017994 -78.670588
-40.100000 -0.023093 -85.316072
-40.000000 -0.028530 -88.584987
-39.900000 -0.034078 -87.969298
-39.800000 -0.039487 -83.218504
-39.700000 -0.044491 -74.366593
-39.600000 -0.048835 -61.736306
-39.500000 -0.052289 -45.920188
-39.400000 -0.054664 -27.739843
-39.300000 -0.055827 -8.186682
-39.200000 -0.055712 11.650967
-39.100000 -0.054325 30.668400
-39.000000 -0.051740 47.826076
-38.900000 -0.048097 62.225470
-38.800000 -0.043594 73.173068
-38.700000 -0.038467 80.227363
-38.600000 -0.032977 83.225217
-38.500000 -0.027391 82.285706
-38.400000 -0.021962 77.791500
-38.300000 -0.016915 70.349724
-38.200000 -0.012428 60.735977
-38.100000 -0.008628 49.826515
-38.000000 -0.005580 38.524576
-37.900000 -0.003288 27.687171
-37.800000 -0.001702 18.058538
-37.700000 -0.000722 10.215726
-37.600000 -0.000216 4.530620
-37.500000 -0.000028 1.151198
-37.400000 -0.000000 0.003045
-37.300000 0.000019 0.810362
-37.200000 0.000153 3.133980
-37.100000 0.000495 6.422446
-37.000000 0.001095 10.071151
-36.900000 0.001961 13.483868
-36.800000 0.003057 16.130971
-36.700000 0.004313 17.599024
-36.600000 0.005632 17.627332
-36.500000 0.006904 16.128343
-36.400000 0.008015 13.190325
-36.300000 0.008863 9.062442
-36.200000 0.009368 4.123989
-36.100000 0.009481 -1.158994
-36.000000 0.009192 -6.285331
-35.900000 0.008527 -10.773437
-35.800000 0.007548 -14.213779
-35.700000 0.006345 -16.313936
-35.600000 0.005028 -16.931849
-35.500000 0.003714 -16.093973
-35.400000 0.002510 -13.996475
-35.300000 0.001507 -10.989222
-35.200000 0.000760 -7.543933
-35.100000 0.000288 -4.209361
-35.000000 0.000060 -1.557611
-34.900000 0.000001 -0.126576
-34.800000 -0.000006 -0.363854
-34.700000 -0.000114 -2.577455
-34.600000 -0.000493 -6.898032
-34.500000 -0.001324 -13.256359
-34.400000 -0.002771 -21.378446
-34.300000 -0.004973 -30.799117
-34.200000 -0.008025 -40.893205
-34.100000 -0.011961 -50.921953
-34.000000 -0.016754 -60.090814
-33.900000 -0.022304 -67.613803
-33.800000 -0.028445 -72.778907
-33.700000 -0.034950 -75.008957
-33.600000 -0.041545 -73.912648
-33.500000 -0.047928 -69.321273
-33.400000 -0.053784 -61.307894
-33.300000 -0.058813 -50.187180
-33.200000 -0.062746 -36.495798
-33.100000 -0.065368 -20.954874
-33.000000 -0.066532 -4.417596
-32.900000 -0.066170 12.193736
-32.800000 -0.064301 27.956012
-32.700000 -0.061025 42.013340
-32.600000 -0.056521 53.639219
-32.500000 -0.051030 62.287826
-32.400000 -0.044840 67.630315
-32.300000 -0.038264 69.573368
-32.200000 -0.031619 68.258740
-32.100000 -0.025204 64.044159
-32.000000 -0.019279 57.467551
-31.900000 -0.014049 49.197880
-31.800000 -0.009654 39.977043
-31.700000 -0.006160 30.557880
-31.600000 -0.003565 21.643634
-31.500000 -0.001796 13.833937
-31.400000 -0.000730 7.581739
-31.300000 -0.000200 3.164535
-31.200000 -0.000020 0.671940
-31.100000 0.000000 0.010155
-31.000000 0.000036 0.922399
-30.900000 0.000234 3.022952
-30.800000 0.000695 5.841323
-30.700000 0.001473 8.872218
-30.600000 0.002567 11.626573
-30.500000 0.003930 13.678912
-30.400000 0.005469 14.706740
-30.300000 0.007065 14.518510
-30.200000 0.008582 13.067812
-30.100000 0.009884 10.452773
-30.000000 0.010851 6.901039
-29.900000 0.011391 2.742072
-29.800000 0.011453 -1.630354
-29.700000 0.011030 -5.801671
-29.600000 0.010160 -9.381734
-29.500000 0.008924 -12.047301
-29.400000 0.007437 -13.577626
-29.300000 0.005833 -13.879682
-29.200000 0.004253 -13.000527
-29.100000 0.002827 -11.125558
-29.000000 0.001657 -8.562696
-28.900000 0.000806 -5.713924
-28.800000 0.000285 -3.036756
-28.700000 0.000050 -0.999188
-28.600000 0.000000 -0.032333
-28.500000 -0.000016 -0.485168
-28.400000 -0.000188 -2.585678
-28.300000 -0.000729 -6.412143
-28.200000 -0.001858 -11.877409
-28.100000 -0.003774 -18.727845
-28.000000 -0.006641 -26.557377
-27.900000 -0.010565 -34.835624
-27.800000 -0.015578 -42.947914
-27.700000 -0.021634 -50.243852
-27.600000 -0.028599 -56.090345
-27.500000 -0.036257 -59.924550
-27.400000 -0.044320 -61.302181
-27.300000 -0.052444 -59.936984
-27.200000 -0.060253 -55.727928
-27.100000 -0.067361 -48.771709
-27.000000 -0.073400 -39.359384
-26.900000 -0.078047 -27.957358
-26.800000 -0.081045 -15.174229
-26.700000 -0.082226 -1.716224
-26.600000 -0.081520 11.665085
-26.500000 -0.078963 24.228460
-26.400000 -0.074692 35.297492
-26.300000 -0.068939 44.309441
-26.200000 -0.062012 50.854484
-26.100000 -0.054271 54.702288
-26.000000 -0.046107 55.813894
-25.900000 -0.037910 54.338212
-25.800000 -0.030045 50.593695
-25.700000 -0.022825 45.037024
-25.600000 -0.016496 38.221718
-25.500000 -0.011218 30.750340
-25.400000 -0.007061 23.224501
-25.300000 -0.004009 16.196915
-25.200000 -0.001963 10.129518
-25.100000 -0.000760 5.361014
-25.000000 -0.000188 2.086364
-24.900000 -0.000013 0.349569
-24.800000 0.000001 0.049946
-24.700000 0.000069 0.960874
-24.600000 0.000365 2.758920
-24.500000 0.001009 5.060379
-24.400000 0.002056 7.461654
-24.300000 0.003497 9.579692
-24.200000 0.005262 11.088704
-24.100000 0.007230 11.749915
-24.000000 0.009245 11.431718
-23.900000 0.011134 10.118623
-23.800000 0.012728 7.908411
-23.700000 0.013878 4.998052
-23.600000 0.014476 1.659972
-23.500000 0.014463 -1.788860
-23.400000 0.013839 -5.021906
-23.300000 0.012660 -7.738634
-23.200000 0.011037 -9.697191
-23.100000 0.009119 -10.741017
-23.000000 0.007079 -10.816776
-22.900000 0.005095 -9.981879
-22.800000 0.003328 -8.400807
-22.700000 0.001903 -6.330544
-22.600000 0.000889 -4.096434
-22.500000 0.000291 -2.060692
-22.400000 0.000041 -0.586494
-22.300000 0.000000 -0.001003
-22.200000 -0.000036 -0.560799
-22.100000 -0.000317 -2.423003
-22.000000 -0.001121 -5.624871
-21.900000 -0.002727 -10.073881
-21.800000 -0.005391 -15.549432
-21.700000 -0.009313 -21.716175
-21.600000 -0.014622 -28.148013
-21.500000 -0.021347 -34.360803
-21.400000 -0.029413 -39.851020
-21.300000 -0.038632 -44.137089
-21.200000 -0.048713 -46.799849
-21.100000 -0.059270 -47.518637
-21.000000 -0.069851 -46.099889
-20.900000 -0.079962 -42.495728
-20.800000 -0.089099 -36.810940
-20.700000 -0.096789 -29.297657
-20.600000 -0.102618 -20.338177
-20.500000 -0.106262 -10.417317
-20.400000 -0.107516 -0.086614
-20.300000 -0.106301 10.076665
-20.200000 -0.102680 19.512281
-20.100000 -0.096847 27.718054
-20.000000 -0.089115 34.285804
-19.900000 -0.079897 38.929324
-19.800000 -0.069672 41.502224
-19.700000 -0.058951 42.004349
-19.600000 -0.048246 40.576472
-19.500000 -0.038029 37.483953
-19.400000 -0.028703 33.090977
-19.300000 -0.020576 27.827753
-19.200000 -0.013848 22.153599
-19.100000 -0.008596 16.519131
-19.000000 -0.004786 11.330758
-18.900000 -0.002274 6.920436
-18.800000 -0.000835 3.523069
-18.700000 -0.000184 1.263243
-18.600000 -0.000008 0.152108
-18.500000 0.000004 0.094312
-18.400000 0.000132 0.904002
-18.300000 0.000599 2.328137
-18.200000 0.001554 4.074750
-18.100000 0.003058 5.843414
-18.000000 0.005088 7.355048
-17.900000 0.007537 8.378344
-17.800000 0.010236 8.750449
-17.700000 0.012967 8.390165
-17.600000 0.015496 7.302634
-17.500000 0.017594 5.575293
-17.400000 0.019068 3.365728
-17.300000 0.019774 0.882775
-17.200000 0.019645 -1.637156
-17.100000 0.018688 -3.956143
-17.000000 0.016990 -5.860618
-16.900000 0.014708 -7.184514
-16.800000 0.012053 -7.827433
-16.700000 0.009263 -7.766099
-16.600000 0.006582 -7.057982
-16.500000 0.004224 -5.836743
-16.400000 0.002352 -4.299923
-16.300000 0.001052 -2.690024
-16.200000 0.000316 -1.270755
-16.100000 0.000034 -0.300681
-16.000000 -0.000000 -0.006741
-15.900000 -0.000082 -0.560150
-15.800000 -0.000569 -2.056946
-15.700000 -0.001857 -4.505085
-15.600000 -0.004337 -7.819339
-15.500000 -0.008364 -11.824590
-15.400000 -0.014216 -16.267341
-15.300000 -0.022060 -20.834519
-15.200000 -0.031926 -25.178000
-15.100000 -0.043694 -28.942772
-15.000000 -0.057084 -31.796306
-14.900000 -0.071666 -33.456598
-14.800000 -0.086884 -33.716481
-14.700000 -0.102081 -32.462067
-14.600000 -0.116549 -29.683767
-14.500000 -0.129566 -25.478895
-14.400000 -0.140456 -20.045660
-14.300000 -0.148631 -13.669029
-14.200000 -0.153634 -6.699683
-14.100000 -0.155178 0.472180
-14.000000 -0.153161 7.445978
-13.900000 -0.147684 13.840399
-13.800000 -0.139036 19.321131
-13.700000 -0.127679 23.624423
-13.600000 -0.114215 26.574621
-13.500000 -0.099342 28.094349
-13.400000 -0.083803 28.206671
-13.300000 -0.068338 27.029236
-13.200000 -0.053627 24.761108
-13.100000 -0.040250 21.663578
-13.000000 -0.028647 18.036726
-12.900000 -0.019094 14.193831
-12.800000 -0.011695 10.435849
-12.700000 -0.006383 7.028111
-12.600000 -0.002938 4.181130
-12.500000 -0.001018 2.037004
-12.400000 -0.000195 0.662369
-12.300000 -0.000004 0.048235
-12.200000 0.000016 0.116447
-12.100000 0.000276 0.731916
-12.000000 0.001100 1.719287
-11.900000 0.002696 2.882358
-11.800000 0.005146 4.024375
-11.700000 0.008397 4.967302
-11.600000 0.012275 5.568332
-11.500000 0.016508 5.732198
-11.400000 0.020758 5.418288
-11.300000 0.024660 4.642083
-11.200000 0.027862 3.470958
-11.100000 0.030063 2.014935
-11.000000 0.031052 0.413434
-10.900000 0.030727 -1.180593
-10.800000 0.029110 -2.617527
-10.700000 0.026345 -3.767278
-10.600000 0.022686 -4.533236
-10.500000 0.018469 -4.862639
-10.400000 0.014075 -4.752381
-10.300000 0.009885 -4.249737
-10.200000 0.006239 -3.447975
-10.100000 0.003384 -2.477283
-10.000000 0.001446 -1.491926
-9.900000 0.000393 -0.654852
-9.800000 0.000030 -0.121228
-9.700000 -0.000002 -0.022474
-9.600000 -0.000206 -0.452293
-9.500000 -0.001190 -1.456044
-9.400000 -0.003624 -3.024441
-9.300000 -0.008175 -5.092210
-9.200000 -0.015449 -7.541844
-9.100000 -0.025920 -10.212164
-9.000000 -0.039880 -12.910923
-8.900000 -0.057387 -15.430367
-8.800000 -0.078242 -17.564391
-8.700000 -0.101969 -19.125764
-8.600000 -0.127834 -19.961963
-8.500000 -0.154875 -19.968208
-8.400000 -0.181953 -19.096613
-8.300000 -0.207822 -17.360674
-8.200000 -0.231213 -14.834743
-8.100000 -0.250916 -11.648559
-8.000000 -0.265867 -7.977370
-7.900000 -0.275226 -4.028489
-7.800000 -0.278442 -0.025480
-7.700000 -0.275293 3.808684
-7.600000 -0.265910 7.268080
-7.500000 -0.250769 10.178558
-7.400000 -0.230664 12.409556
-7.300000 -0.206647 13.882107
-7.200000 -0.179960 14.572504
-7.100000 -0.151944 14.511436
-7.000000 -0.123946 13.778849
-6.900000 -0.097224 12.495095
-6.800000 -0.072861 10.809262
-6.700000 -0.051693 8.885785
-6.600000 -0.034261 6.890522
-6.500000 -0.020784 4.977509
-6.400000 -0.011158 3.277486
-6.300000 -0.004985 1.889085
-6.200000 -0.001625 0.873303
-6.100000 -0.000265 0.251577
-6.000000 -0.000001 0.007416
-5.900000 0.000067 0.091272
-5.800000 0.000758 0.428018
-5.700000 0.002722 0.926215
-5.600000 0.006390 1.488231
-5.500000 0.011931 2.020222
-5.400000 0.019241 2.441069
-5.300000 0.027959 2.689482
-5.200000 0.037509 2.728712
-5.100000 0.047160 2.548546
-5.000000 0.056107 2.164535
-4.900000 0.063557 1.614686
-4.800000 0.068813 0.954058
-4.700000 0.071357 0.247890
-4.600000 0.070911 -0.435972
-4.500000 0.067469 -1.034585
-4.400000 0.061314 -1.496599
-4.300000 0.052989 -1.787491
-4.200000 0.043251 -1.892871
-4.100000 0.032988 -1.819594
-4.000000 0.023119 -1.594637
-3.900000 0.014482 -1.261926
-3.800000 0.007719 -0.877481
-3.700000 0.003168 -0.503408
-3.600000 0.000775 -0.201382
-3.500000 0.000036 -0.026247
-3.400000 -0.000025 -0.020402
-3.300000 -0.000835 -0.209470
-3.200000 -0.004208 -0.599670
-3.100000 -0.012236 -1.177103
-3.000000 -0.027144 -1.908970
-2.900000 -0.051118 -2.746581
-2.800000 -0.086113 -3.629809
-2.700000 -0.133662 -4.492542
-2.600000 -0.194690 -5.268594
-2.500000 -0.269367 -5.897499
-2.400000 -0.356993 -6.329661
-2.300000 -0.455935 -6.530400
-2.200000 -0.563633 -6.482554
-2.100000 -0.676667 -6.187447
-2.000000 -0.790887 -5.664207
-1.900000 -0.901607 -4.947565
-1.800000 -1.003852 -4.084397
-1.700000 -1.092634 -3.129403
-1.600000 -1.163262 -2.140361
-1.500000 -1.211645 -1.173414
-1.400000 -1.234581 -0.278832
-1.300000 -1.230013 0.502389
-1.200000 -1.197233 1.140845
-1.100000 -1.137014 1.619810
-1.000000 -1.051670 1.935107
-0.900000 -0.945016 2.093891
-0.800000 -0.822237 2.112589
-0.700000 -0.689641 2.014320
-0.600000 -0.554294 1.826134
-0.500000 -0.423515 1.576432
-0.400000 -0.304242 1.292808
-0.300000 -0.202291 1.000480
-0.200000 -0.121597 0.721303
-0.100000 -0.063603 0.473224
-0.000000 -0.027000 0.270000
0.100000 -0.007980 0.120994
0.200000 -0.001020 0.030992
0.300000 -0.000000 0.000060
0.400000 0.000664 0.023530
0.500000 0.005167 0.092178
0.600000 0.015893 0.192692
0.700000 0.033412 0.308470
0.800000 0.056767 0.420823
0.900000 0.083924 0.510554
1.000000 0.112256 0.559828
1.100000 0.139003 0.554173
1.200000 0.161636 0.484368
1.300000 0.178140 0.347950
1.400000 0.187189 0.150112
1.500000 0.188227 -0.096220
1.600000 0.181458 -0.371221
1.700000 0.167769 -0.649922
1.800000 0.148594 -0.904764
1.900000 0.125734 -1.108719
2.000000 0.101159 -1.238679
2.100000 0.076809 -1.278724
2.200000 0.054407 -1.222887
2.300000 0.035304 -1.077053
2.400000 0.020358 -0.859686
2.500000 0.009875 -0.601200
2.600000 0.003593 -0.341906
2.700000 0.000718 -0.128646
2.800000 0.000014 -0.010329
2.900000 -0.000073 -0.032766
3.000000 -0.001268 -0.233273
3.100000 -0.005298 -0.635584
3.200000 -0.013729 -1.245614
3.300000 -0.027815 -2.048580
3.400000 -0.048379 -3.007886
3.500000 -0.075718 -4.066000
3.600000 -0.109568 -5.147425
3.700000 -0.149096 -6.163621
3.800000 -0.192956 -7.019557
3.900000 -0.239371 -7.621398
4.000000 -0.286258 -7.884692
4.100000 -0.331372 -7.742328
4.200000 -0.372467 -7.151536
4.300000 -0.407448 -6.099237
4.400000 -0.434520 -4.605171
4.500000 -0.452308 -2.722402
4.600000 -0.459946 -0.535045
4.700000 -0.457132 1.846736
4.800000 -0.444133 4.294119
4.900000 -0.421762 6.668863
5.000000 -0.391302 8.833662
5.100000 -0.354415 10.662738
5.200000 -0.313016 12.051780
5.300000 -0.269138 12.926337
5.400000 -0.224801 13.247904
5.500000 -0.181875 13.017123
5.600000 -0.141977 12.273760
5.700000 -0.106377 11.093417
5.800000 -0.075948 9.581199
5.900000 -0.051137 7.862865
6.000000 -0.031979 6.074222
6.100000 -0.018134 4.349669
6.200000 -0.008952 2.810910
6.300000 -0.003560 1.556861
6.400000 -0.000953 0.655643
6.500000 -0.000093 0.139419
6.600000 0.000000 0.002533
6.700000 0.000170 0.203149
6.800000 0.001064 0.668233
6.900000 0.003096 1.301425
7.000000 0.006434 1.993061
7.100000 0.011009 2.631403
7.200000 0.016551 3.113990
7.300000 0.022634 3.358039
7.400000 0.028740 3.308839
7.500000 0.034322 2.945335
7.600000 0.038872 2.282284
7.700000 0.041972 1.368753
7.800000 0.043346 0.283027
7.900000 0.042879 -0.875601
8.000000 0.040633 -1.997428
8.100000 0.036833 -2.974284
8.200000 0.031842 -3.711669
8.300000 0.026119 -4.139860
8.400000 0.020165 -4.222823
8.500000 0.014473 -3.963965
8.600000 0.009468 -3.408022
8.700000 0.005461 -2.638744
8.800000 0.002611 -1.772417
8.900000 0.000907 -0.947692
9.000000 0.000156 -0.312546
9.100000 0.000001 -0.009501
9.200000 -0.000050 -0.160467
9.300000 -0.000578 -0.852628
9.400000 -0.002205 -2.126773
9.500000 -0.005527 -3.969291
9.600000 -0.011057 -6.308757
9.700000 -0.019168 -9.017654
9.800000 -0.030053 -11.919309
9.900000 -0.043689 -14.799671
10.000000 -0.059827 -17.423087
10.100000 -0.077998 -19.550843
10.200000 -0.097535 -20.960959
10.300000 -0.117613 -21.467541
10.400000 -0.137308 -20.937996
10.500000 -0.155654 -19.306544
10.600000 -0.171716 -16.582728
10.700000 -0.184653 -12.854051
10.800000 -0.193778 -8.282322
10.900000 -0.198610 -3.093863
11.000000 -0.198903 2.435763
11.100000 -0.194662 8.001337
11.200000 -0.186145 13.290332
11.300000 -0.173836 18.006201
11.400000 -0.158414 21.890680
11.500000 -0.140696 24.743222
11.600000 -0.121583 26.435922
11.700000 -0.101997 26.922644
11.800000 -0.082813 26.241550
11.900000 -0.064811 24.510812
12.000000 -0.048621 21.917843
12.100000 -0.034698 18.702980
12.200000 -0.023298 15.139008
12.300000 -0.014479 11.508304
12.400000 -0.008114 8.079564
12.500000 -0.003920 5.086153
12.600000 -0.001495 2.707917
12.700000 -0.000364 1.058048
12.800000 -0.000025 0.176091
12.900000 0.000002 0.027664
13.000000 0.000133 0.510821
13.100000 0.000692 1.468433
13.200000 0.001882 2.705357
13.300000 0.003785 4.008787
13.400000 0.006356 5.169839
13.500000 0.009445 6.004343
13.600000 0.012820 6.370871
13.700000 0.016197 6.184300
13.800000 0.019276 5.423613
13.900000 0.021776 4.133194
14.000000 0.023467 2.417479
14.100000 0.024194 0.429465
14.200000 0.023892 -1.645830
14.300000 0.022597 -3.611370
14.400000 0.020434 -5.279628
14.500000 0.017608 -6.493513
14.600000 0.014379 -7.144608
14.700000 0.011032 -7.186853
14.800000 0.007847 -6.644191
14.900000 0.005064 -5.611262
15.000000 0.002859 -4.246867
15.100000 0.001318 -2.760606
15.200000 0.000425 -1.393758
15.300000 0.000059 -0.396057
15.400000 0.000000 -0.000429
15.500000 -0.000053 -0.398043
15.600000 -0.000455 -1.716033
15.700000 -0.001583 -4.000103
15.800000 -0.003802 -7.203832
15.900000 -0.007424 -11.185927
16.000000 -0.012675 -15.716014
16.100000 -0.019671 -20.488757
16.200000 -0.028394 -25.145379
16.300000 -0.038685 -29.300948
16.400000 -0.050247 -32.575211
16.500000 -0.062659 -34.624436
16.600000 -0.075403 -35.171490
16.700000 -0.087892 -34.031547
16.800000 -0.099517 -31.131060
16.900000 -0.109684 -26.518219
17.000000 -0.117857 -20.363785
17.100000 -0.123601 -12.952022
17.200000 -0.126607 -4.662259
17.300000 -0.126717 4.057536
17.400000 -0.123933 12.723092
17.500000 -0.118420 20.849495
17.600000 -0.110487 27.987235
17.700000 -0.100570 33.755674
17.800000 -0.089194 37.871121
17.900000 -0.076938 40.167196
18.000000 -0.064395 40.605755
18.100000 -0.052129 39.277484
18.200000 -0.040642 36.392130
18.300000 -0.030339 32.259243
18.400000 -0.021510 27.261099
18.500000 -0.014314 21.820158
18.600000 -0.008785 16.363874
18.700000 -0.004834 11.289888
18.800000 -0.002268 6.934593
18.900000 -0.000821 3.547742
19.000000 -0.000178 1.275227
19.100000 -0.000007 0.151413
19.200000 0.000004 0.101556
19.300000 0.000128 0.953926
19.400000 0.000571 2.460375
19.500000 0.001461 4.323365
19.600000 0.002840 6.226846
19.700000 0.004668 7.868092
19.800000 0.006837 8.987493
19.900000 0.009180 9.393519
20.000000 0.011500 8.980526
20.100000 0.013591 7.737773
20.200000 0.015262 5.748799
20.300000 0.016358 3.181285
20.400000 0.016779 0.268368
20.500000 0.016486 -2.716764
20.600000 0.015510 -5.490530
20.700000 0.013945 -7.789983
20.800000 0.011939 -9.402141
20.900000 0.009674 -10.188703
21.000000 0.007351 -10.103617
21.100000 0.005164 -9.201614
21.200000 0.003275 -7.636666
21.300000 0.001802 -5.650250
21.400000 0.000795 -3.550271
21.500000 0.000235 -1.682414
21.600000 0.000025 -0.396436
21.700000 -0.000000 -0.010463
21.800000 -0.000061 -0.776602
21.900000 -0.000416 -2.851176
22.000000 -0.001338 -6.272506
22.100000 -0.003084 -10.948602
22.200000 -0.005876 -16.656239
22.300000 -0.009869 -23.051921
22.400000 -0.015138 -29.694173
22.500000 -0.021657 -36.075568
22.600000 -0.029303 -41.661980
22.700000 -0.037848 -45.935851
22.800000 -0.046979 -48.439835
22.900000 -0.056311 -48.817049
23.000000 -0.065413 -46.844392
23.100000 -0.073840 -42.455892
23.200000 -0.081158 -35.753888
23.300000 -0.086982 -27.006820
23.400000 -0.090999 -16.633549
23.500000 -0.092992 -5.175301
23.600000 -0.092854 6.742646
23.700000 -0.090599 18.456459
23.800000 -0.086356 29.312757
23.900000 -0.080363 38.717094
24.000000 -0.072945 46.177920
24.100000 -0.064496 51.342369
24.200000 -0.055442 54.020910
24.300000 -0.046222 54.198831
24.400000 -0.037247 52.033658
24.500000 -0.028882 47.838790
24.600000 -0.021418 42.054818
24.700000 -0.015059 35.211062
24.800000 -0.009914 27.880651
24.900000 -0.005996 20.633056
25.000000 -0.003230 13.988136
25.100000 -0.001466 8.375627
25.200000 -0.000500 4.103481
25.300000 -0.000094 1.337651
25.400000 -0.000002 0.094901
25.500000 0.000008 0.249016
25.600000 0.000133 1.549627
25.700000 0.000520 3.651706
25.800000 0.001255 6.152856
25.900000 0.002363 8.634846
26.000000 0.003804 10.705462
26.100000 0.005488 12.036775
26.200000 0.007284 12.396261
26.300000 0.009041 11.667910
26.400000 0.010602 9.861404
26.500000 0.011823 7.108577
26.600000 0.012592 3.647558
26.700000 0.012837 -0.203810
26.800000 0.012536 -4.082696
26.900000 0.011720 -7.620738
27.000000 0.010466 -10.484402
27.100000 0.008892 -12.412242
27.200000 0.007141 -13.245350
27.300000 0.005368 -12.947892
27.400000 0.003717 -11.615507
27.500000 0.002313 -9.470492
27.600000 0.001236 -6.843921
27.700000 0.000519 -4.146100
27.800000 0.000138 -1.827883
27.900000 0.000010 -0.336285
28.000000 -0.000001 -0.068464
28.100000 -0.000072 -1.328364
28.200000 -0.000408 -4.290187
28.300000 -0.001220 -8.972339
28.400000 -0.002708 -15.224597
28.500000 -0.005038 -22.730158
28.600000 -0.008326 -31.022866
28.700000 -0.012618 -39.518603
28.800000 -0.017887 -47.558498
28.900000 -0.024022 -54.460524
29.000000 -0.030838 -59.575217
29.100000 -0.038078 -62.340800
29.200000 -0.045434 -62.332939
29.300000 -0.052565 -59.304734
29.400000 -0.059117 -53.213312
29.500000 -0.064756 -44.230483
29.600000 -0.069180 -32.736243
29.700000 -0.072152 -19.295363
29.800000 -0.073510 -4.618777
29.900000 -0.073182 10.487258
30.000000 -0.071190 25.180120
30.100000 -0.067646 38.643112
30.200000 -0.062747 50.145955
30.300000 -0.056759 59.098501
30.400000 -0.049998 65.093214
30.500000 -0.042803 67.932933
30.600000 -0.035521 67.641665
30.700000 -0.028473 64.457611
30.800000 -0.021942 58.809115
30.900000 -0.016151 51.275729
31.000000 -0.011251 42.537799
31.100000 -0.007320 33.318972
31.200000 -0.004357 24.326586
31.300000 -0.002293 16.195067
31.400000 -0.001004 9.437112
31.500000 -0.000320 4.406748
31.600000 -0.000051 1.277252
31.700000 -0.000000 0.035568
31.800000 0.000013 0.493388
31.900000 0.000142 2.313573
32.000000 0.000496 5.049216
32.100000 0.001139 8.191553
32.200000 0.002080 11.222157
32.300000 0.003282 13.664502
32.400000 0.004665 15.130108
32.500000 0.006122 15.354975
32.600000 0.007527 14.223012
32.700000 0.008755 11.774341
32.800000 0.009693 8.197824
32.900000 0.010254 3.808630
33.000000 0.010385 -0.986902
33.100000 0.010076 -5.735671
33.200000 0.009356 -9.987151
33.300000 0.008294 -13.342807
33.400000 0.006989 -15.500738
33.500000 0.005559 -16.291079
33.600000 0.004129 -15.698531
33.700000 0.002816 -13.869588
33.800000 0.001716 -11.103429
33.900000 0.000888 -7.826989
34.000000 0.000353 -4.556247
34.100000 0.000083 -1.847069
34.200000 0.000004 -0.240041
34.300000 -0.000003 -0.204350
34.400000 -0.000085 -2.085993
34.500000 -0.000413 -6.065304
34.600000 -0.001160 -12.128062
34.700000 -0.002487 -20.053281
34.800000 -0.004526 -29.419361
34.900000 -0.007362 -39.628643
35.000000 -0.011027 -49.948764
35.100000 -0.015488 -59.567656
35.200000 -0.020646 -67.657776
35.300000 -0.026336 -73.444202
35.400000 -0.032344 -76.270820
35.500000 -0.038408 -75.658840
35.600000 -0.044244 -71.352463
35.700000 -0.049563 -63.347540
35.800000 -0.054090 -51.900446
35.900000 -0.057583 -37.516075
36.000000 -0.059854 -20.915608
36.100000 -0.060779 -2.986476
36.200000 -0.060309 15.281555
36.300000 -0.058471 32.869017
36.400000 -0.055370 48.802155
36.500000 -0.051177 62.224912
36.600000 -0.046119 72.461567
36.700000 -0.040459 79.064848
36.800000 -0.034483 81.845590
36.900000 -0.028473 80.881586
37.000000 -0.022694 76.505013
37.100000 -0.017373 69.269686
37.200000 -0.012686 59.901070
37.300000 -0.008751 49.233460
37.400000 -0.005621 38.139793
37.500000 -0.003288 27.460143
37.600000 -0.001688 17.935026
37.700000 -0.000710 10.149126
37.800000 -0.000209 4.490110
37.900000 -0.000027 1.125820
38.000000 -0.000000 0.001436
38.100000 0.000019 0.856467
38.200000 0.000153 3.259600
38.300000 0.000488 6.657918
38.400000 0.001068 10.435687
38.500000 0.001896 13.977144
38.600000 0.002934 16.727387
38.700000 0.004112 18.245713
38.800000 0.005335 18.246500
38.900000 0.006498 16.623932
39.000000 0.007497 13.458385
39.100000 0.008239 9.004039
39.200000 0.008656 3.659055
39.300000 0.008708 -2.078711
39.400000 0.008391 -7.666106
39.500000 0.007737 -12.573850
39.600000 0.006806 -16.344699
39.700000 0.005685 -18.644841
39.800000 0.004477 -19.303400
39.900000 0.003284 -18.335971
40.000000 0.002204 -15.949626
40.100000 0.001313 -12.528505
40.200000 0.000657 -8.600988
40.300000 0.000246 -4.791162
40.400000 0.000050 -1.758853
40.500000 0.000001 -0.133641
40.600000 -0.000006 -0.448947
40.700000 -0.000100 -3.082420
40.800000 -0.000427 -8.208396
40.900000 -0.001133 -15.767217
41.000000 -0.002352 -25.454788
41.100000 -0.004190 -36.733973
41.200000 -0.006713 -48.867491
41.300000 -0.009941 -60.970047
41.400000 -0.013837 -72.075662
41.500000 -0.018307 -81.214720
41.600000 -0.023206 -87.494292
41.700000 -0.028342 -90.174868
41.800000 -0.033492 -88.736824
41.900000 -0.038411 -82.930710
42.000000 -0.042854 -72.806753
42.100000 -0.046588 -58.720700
42.200000 -0.049416 -41.315091
42.300000 -0.051183 -21.477171
42.400000 -0.051794 -0.276636
42.500000 -0.051214 21.111843
42.600000 -0.049480 41.495037
42.700000 -0.046686 59.749439
42.800000 -0.042989 74.904150
42.900000 -0.038585 86.211541
43.000000 -0.033705 93.199880
43.100000 -0.028591 95.703654
43.200000 -0.023485 93.869213
43.300000 -0.018606 88.135440
43.400000 -0.014144 79.191326
43.500000 -0.010241 67.914225
43.600000 -0.006991 55.294251
43.700000 -0.004431 42.351363
43.800000 -0.002545 30.052299
43.900000 -0.001271 19.234429
44.000000 -0.000511 10.542930
44.100000 -0.000138 4.386435
44.200000 -0.000013 0.914645
44.300000 0.000000 0.019369
44.400000 0.000027 1.358411
44.500000 0.000166 4.399651
44.600000 0.000488 8.480898
44.700000 0.001023 12.879747
44.800000 0.001769 16.886803
44.900000 0.002688 19.875426
45.000000 0.003715 21.361538
45.100000 0.004767 21.048014
45.200000 0.005752 18.849674
45.300000 0.006583 14.896704
45.400000 0.007181 9.516409
45.500000 0.007491 3.195216
45.600000 0.007485 -3.475272
45.700000 0.007163 -9.862882
45.800000 0.006556 -15.363786
45.900000 0.005721 -19.468983
46.000000 0.004737 -21.821769
46.100000 0.003690 -22.260447
46.200000 0.002672 -20.841847
46.300000 0.001763 -17.843055
46.400000 0.001025 -13.740736
46.500000 0.000494 -9.169574
46.600000 0.000172 -4.863356
46.700000 0.000030 -1.583915
46.800000 0.000000 -0.044378
46.900000 -0.000010 -0.833855
47.000000 -0.000117 -4.350686
47.100000 -0.000447 -10.750750
47.200000 -0.001126 -19.916107
47.300000 -0.002268 -31.447465
47.400000 -0.003960 -44.681940
47.500000 -0.006254 -58.735276
47.600000 -0.009159 -72.565507
47.700000 -0.012636 -85.053064
47.800000 -0.016595 -95.090753
47.900000 -0.020904 -101.676050
48.000000 -0.025392 -103.997796
48.100000 -0.029858 -101.509721
48.200000 -0.034091 -93.984236
48.300000 -0.037876 -81.541562
48.400000 -0.041016 -64.651260
48.500000 -0.043343 -44.105624
48.600000 -0.044731 -20.966731
48.700000 -0.045102 3.508749
48.800000 -0.044438 27.960973
48.900000 -0.042777 51.027148
49.000000 -0.040211 71.442340
49.100000 -0.036882 88.132569
49.200000 -0.032967 100.292532
49.300000 -0.028669 107.441585
49.400000 -0.024201 109.453475
49.500000 -0.019770 106.557520
49.600000 -0.015565 99.311404
49.700000 -0.011746 88.548145
49.800000 -0.008431 75.301969
49.900000 -0.005692 60.719620
50.000000 -0.003556 45.964795
50.100000 -0.002003 32.123920
50.200000 -0.000972 20.121280
50.300000 -0.000372 10.650596
50.400000 -0.000091 4.128623
50.500000 -0.000006 0.674332
50.600000 0.000000 0.114945
50.700000 0.000035 2.017673
50.800000 0.000181 5.743735
50.900000 0.000493 10.519292
51.000000 0.000995 15.516456
51.100000 0.001678 19.936722
51.200000 0.002505 23.089020
51.300000 0.003416 24.455197
51.400000 0.004336 23.736958
51.500000 0.005185 20.880060
51.600000 0.005886 16.073745
51.700000 0.006373 9.725713
51.800000 0.006602 2.415232
51.900000 0.006550 -5.170922
52.000000 0.006224 -12.313414
52.100000 0.005654 -18.338830
52.200000 0.004894 -22.693992
52.300000 0.004015 -25.008753
52.400000 0.003093 -25.140965
52.500000 0.002209 -23.198956
52.600000 0.001431 -19.538930
52.700000 0.000811 -14.737060
52.800000 0.000375 -9.538448
52.900000 0.000121 -4.787308
53.000000 0.000017 -1.344624
53.100000 0.000000 -0.000784
53.200000 -0.000016 -1.391321
53.300000 -0.000135 -5.923788
53.400000 -0.000471 -13.722901
53.500000 -0.001133 -24.599611
53.600000 -0.002218 -38.047658
53.700000 -0.003800 -53.268786
53.800000 -0.005918 -69.225224
53.900000 -0.008575 -84.715566
54.000000 -0.011727 -98.468019
54.100000 -0.015291 -109.243343
54.200000 -0.019142 -115.938769
54.300000 -0.023125 -117.683983
54.400000 -0.027060 -113.920752
54.500000 -0.030758 -104.459077
54.600000 -0.034031 -89.504665
54.700000 -0.036707 -69.654919
54.800000 -0.038643 -45.863282
54.900000 -0.039732 -19.374502
55.000000 -0.039916 8.364138
55.100000 -0.039185 35.808489
55.200000 -0.037580 61.431498
55.300000 -0.035191 83.836102
55.400000 -0.032149 101.857769
55.500000 -0.028614 114.648264
55.600000 -0.024770 121.733779
55.700000 -0.020804 123.042803
55.800000 -0.016899 118.901613
55.900000 -0.013219 109.998099
56.000000 -0.009900 97.317265
56.100000 -0.007041 82.054172
56.200000 -0.004700 65.511956
56.300000 -0.002892 48.993766
56.400000 -0.001595 33.697882
56.500000 -0.000750 20.624912
56.600000 -0.000272 10.504780
56.700000 -0.000059 3.749410
56.800000 -0.000002 0.434645
56.900000 0.000002 0.312355
57.000000 0.000044 2.850928
57.100000 0.000196 7.299896
57.200000 0.000502 12.772288
57.300000 0.000977 18.336804
57.400000 0.001610 23.111137
57.500000 0.002364 26.347719
57.600000 0.003182 27.504034
57.700000 0.003998 26.291090
57.800000 0.004738 22.695770
57.900000 0.005335 16.975255
58.000000 0.005734 9.624328
58.100000 0.005898 1.318940
58.200000 0.005811 -7.158346
58.300000 0.005482 -15.003707
58.400000 0.004942 -21.479845
58.500000 0.004243 -25.997571
58.600000 0.003447 -28.183114
58.700000 0.002625 -27.924382
58.800000 0.001848 -25.391319
58.900000 0.001175 -21.027954
59.000000 0.000647 -15.516343
59.100000 0.000286 -9.715330
59.200000 0.000084 -4.579403
59.300000 0.000009 -1.064953
59.400000 -0.000000 -0.032511
59.500000 -0.000023 -2.154096
59.600000 -0.000155 -7.834534
59.700000 -0.000498 -17.154471
59.800000 -0.001148 -29.841020
59.900000 -0.002191 -45.269558
60.000000 -0.003687 -62.497478
60.100000 -0.005667 -80.327806
60.200000 -0.008125 -97.397918
60.300000 -0.011019 -112.286224
60.400000 -0.014266 -123.627984
60.500000 -0.017751 -130.230435
60.600000 -0.021329 -131.177303
60.700000 -0.024837 -125.913518
60.800000 -0.028105 -114.302522
60.900000 -0.030965 -96.650829
61.000000 -0.033269 -73.697208
61.100000 -0.034890 -46.566891
61.200000 -0.035740 -16.694171
61.300000 -0.035773 14.280519
61.400000 -0.034987 44.630726
61.500000 -0.033428 72.671518
61.600000 -0.031181 96.883936
61.700000 -0.028369 116.026147
61.800000 -0.025140 129.222156
61.900000 -0.021660 136.020871
62.000000 -0.018098 136.420813
62.100000 -0.014616 130.858722
62.200000 -0.011357 120.163354
62.300000 -0.008439 105.478732
62.400000 -0.005945 88.163679
62.500000 -0.003921 69.676437
62.600000 -0.002375 51.454345
62.700000 -0.001281 34.798885
62.800000 -0.000582 20.775796
62.900000 -0.000198 10.138538
63.000000 -0.000037 3.281210
63.100000 -0.000001 0.224379
63.200000 0.000003 0.634297
63.300000 0.000055 3.873016
63.400000 0.000213 9.074196
63.500000 0.000514 15.237146
63.600000 0.000967 21.330096
63.700000 0.001559 26.393004
63.800000 0.002253 29.630319
63.900000 0.002995 30.485217
64.000000 0.003724 28.688575
64.100000 0.004374 24.278421
64.200000 0.004887 17.588334
64.300000 0.005214 9.206250
64.400000 0.005325 -0.092113
64.500000 0.005210 -9.428614
64.600000 0.004879 -17.918427
64.700000 0.004365 -24.766777
64.800000 0.003715 -29.357174
64.900000 0.002988 -31.322373
65.000000 0.002249 -30.590904
65.100000 0.001560 -27.404255
65.200000 0.000971 -22.302535
65.300000 0.000519 -16.079398
65.400000 0.000218 -9.709942
65.500000 0.000058 -4.257884
65.600000 0.000004 -0.770389
65.700000 -0.000000 -0.170215
65.800000 -0.000031 -3.155296
65.900000 -0.000177 -10.115387
66.000000 -0.000528 -21.074021
66.100000 -0.001171 -35.661899
66.200000 -0.002181 -53.125086
66.300000 -0.003608 -72.368336
66.400000 -0.005475 -92.030679
66.500000 -0.007772 -110.587515
66.600000 -0.010454 -126.470932
66.700000 -0.013442 -138.198243
66.800000 -0.016625 -144.497804
66.900000 -0.019869 -144.421224
67.000000 -0.023026 -137.432091
67.100000 -0.025939 -123.463211
67.200000 -0.028461 -102.936961
67.300000 -0.030456 -76.746449
67.400000 -0.031818 -46.198520
67.500000 -0.032471 -12.922877
67.600000 -0.032380 21.245469
67.700000 -0.031550 54.400900
67.800000 -0.030029 84.708039
67.900000 -0.027899 110.537161
68.000000 -0.025278 130.583037
68.100000 -0.022301 143.957463
68.200000 -0.019122 150.247989
68.300000 -0.015893 149.538206
68.400000 -0.012758 142.388264
68.500000 -0.009846 129.777655
68.600000 -0.007257 113.015490
68.700000 -0.005062 93.626240
68.800000 -0.003296 73.220921
68.900000 -0.001964 53.364854
69.000000 -0.001034 35.453291
69.100000 -0.000452 20.605373
69.200000 -0.000144 9.585158
69.300000 -0.000023 2.755962
69.400000 -0.000000 0.071230
69.500000 0.000006 1.101890
69.600000 0.000066 5.096891
69.700000 0.000230 11.070702
69.800000 0.000527 17.909228
69.900000 0.000963 24.484020
70.000000 0.001520 29.764096
70.100000 0.002163 32.914967
70.200000 0.002841 33.375850
70.300000 0.003497 30.908097
70.400000 0.004073 25.610655
70.500000 0.004515 17.901495
70.600000 0.004782 8.467123
70.700000 0.004849 -1.814679
70.800000 0.004710 -11.971230
70.900000 0.004379 -21.040971
71.000000 0.003886 -28.178750
71.100000 0.003278 -32.749983
71.200000 0.002610 -34.404365
71.300000 0.001941 -33.121628
71.400000 0.001325 -29.224472
71.500000 0.000807 -23.356845
71.600000 0.000418 -16.429008
71.700000 0.000166 -9.533990
71.800000 0.000039 -3.842791
71.900000 0.000002 -0.487839
72.000000 -0.000001 -0.445434
72.100000 -0.000041 -4.428262
72.200000 -0.000200 -12.798313
72.300000 -0.000560 -25.508897
72.400000 -0.001200 -42.081950
72.500000 -0.002183 -61.623780
72.600000 -0.003554 -82.878959
72.700000 -0.005328 -104.318657
72.800000 -0.007491 -124.256574
72.900000 -0.009996 -140.983005
73.000000 -0.012765 -152.905853
73.100000 -0.015694 -158.686524
73.200000 -0.018659 -157.358945
73.300000 -0.021519 -148.421166
73.400000 -0.024136 -131.891269
73.500000 -0.026372 -108.322225
73.600000 -0.028109 -78.773837
73.700000 -0.029253 -44.743519
73.800000 -0.029741 -8.061211
73.900000 -0.029546 29.243201
74.000000 -0.028680 65.089195
74.100000 -0.027192 97.499415
74.200000 -0.025162 124.745349
74.300000 -0.022701 145.472876
74.400000 -0.019938 158.797435
74.500000 -0.017012 164.361132
74.600000 -0.014062 162.347329
74.700000 -0.011220 153.451926
74.800000 -0.008597 138.814182
74.900000 -0.006283 119.913378
75.000000 -0.004338 98.440459
75.100000 -0.002788 76.155854
75.200000 -0.001632 54.745740
75.300000 -0.000838 35.688976
75.400000 -0.000352 20.145891
75.500000 -0.000103 8.878008
75.600000 -0.000013 2.204988
75.700000 -0.000000 0.001680
75.800000 0.000010 1.734591
75.900000 0.000078 6.533580
76.000000 0.000248 13.291491
76.100000 0.000542 20.782036
76.200000 0.000962 27.784719
76.300000 0.001490 33.205095
76.400000 0.002089 36.179273
76.500000 0.002712 36.153097
76.600000 0.003306 32.928959
76.700000 0.003817 26.676223
76.800000 0.004199 17.904727
76.900000 0.004415 7.404264
77.000000 0.004445 -3.843820
77.100000 0.004287 -14.774171
77.200000 0.003956 -24.353553
77.300000 0.003483 -31.694172
77.400000 0.002912 -36.153018
77.500000 0.002294 -37.407354
77.600000 0.001684 -35.498643
77.700000 0.001130 -30.840152
77.800000 0.000673 -24.186874
77.900000 0.000336 -16.569949
78.000000 0.000126 -9.201145
78.100000 0.000025 -3.355901
78.200000 0.000000 -0.245532
78.300000 -0.000003 -0.890456
78.400000 -0.000053 -6.006408
78.500000 -0.000224 -15.914630
78.600000 -0.000594 -30.485087
78.700000 -0.001233 -49.118890
78.800000 -0.002196 -70.772703
78.900000 -0.003520 -94.024171
79.000000 -0.005215 -117.173702
79.100000 -0.007263 -138.374618
79.200000 -0.009617 -155.781002
79.300000 -0.012200 -167.700830
79.400000 -0.014913 -172.741278
79.500000 -0.017637 -169.933556
79.600000 -0.020246 -158.826220
79.700000 -0.022607 -139.538457
79.800000 -0.024600 -112.768172
79.900000 -0.026116 -79.753532
80.000000 -0.027075 -42.190569
80.100000 -0.027423 -2.113216
80.200000 -0.027140 38.254611
80.300000 -0.026244 76.662858
80.400000 -0.024785 111.001659
80.500000 -0.022842 139.456488
80.600000 -0.020520 160.639377
80.700000 -0.017939 173.685493
80.800000 -0.015230 178.307323
80.900000 -0.012519 174.802307
81.000000 -0.009926 164.013761
81.100000 -0.007551 147.248864
81.200000 -0.005471 126.161131
81.300000 -0.003736 102.607748
81.400000 -0.002368 78.494182
81.500000 -0.001360 55.619450
81.600000 -0.000679 35.535181
81.700000 -0.000273 19.430250
81.800000 -0.000073 8.050376
81.900000 -0.000007 1.658851
82.000000 0.000000 0.040885
82.100000 0.000015 2.550117
82.200000 0.000091 8.192146
82.300000 0.000266 15.736651
82.400000 0.000558 23.847265
82.500000 0.000965 31.216871
82.600000 0.001466 36.695707
82.700000 0.002027 39.400434
82.800000 0.002602 38.794294
82.900000 0.003141 34.731199
83.000000 0.003597 27.460080
83.100000 0.003926 17.589551
83.200000 0.004098 6.016684
83.300000 0.004097 -6.172926
83.400000 0.003923 -17.823949
83.500000 0.003593 -27.837282
83.600000 0.003137 -35.290841
83.700000 0.002599 -39.543261
83.800000 0.002025 -40.310159
83.900000 0.001467 -37.705145
84.000000 0.000968 -32.241038
84.100000 0.000562 -24.790485
84.200000 0.000271 -16.508995
84.300000 0.000094 -8.727014
84.400000 0.000016 -2.820657
84.500000 0.000000 -0.072912
84.600000 -0.000006 -1.538191
84.700000 -0.000066 -7.923077
84.800000 -0.000251 -19.494852
84.900000 -0.000631 -36.027077
85.000000 -0.001269 -56.788326
85.100000 -0.002216 -80.576356
85.200000 -0.003500 -105.795977
85.300000 -0.005128 -130.574924
85.400000 -0.007077 -152.908524
85.500000 -0.009300 -170.821265
85.600000 -0.011722 -182.531611
85.700000 -0.014246 -186.605949
85.800000 -0.016763 -182.088215
85.900000 -0.019152 -168.593684
86.000000 -0.021293 -146.358330
86.100000 -0.023074 -116.238864
86.200000 -0.024400 -79.662750
86.300000 -0.025199 -38.531724
86.400000 -0.025425 4.913625
86.500000 -0.025068 48.257340
86.600000 -0.024148 89.086307
86.700000 -0.022715 125.168581
86.800000 -0.020848 154.617148
86.900000 -0.018647 176.025710
87.000000 -0.016226 188.565407
87.100000 -0.013705 192.034775
87.200000 -0.011202 186.859174
87.300000 -0.008825 174.040280
87.400000 -0.006662 155.060421
87.500000 -0.004784 131.750377
87.600000 -0.003231 106.132277
87.700000 -0.002019 80.251255
87.800000 -0.001137 56.010310
87.900000 -0.000551 35.022365
88.000000 -0.000211 18.491845
88.100000 -0.000051 7.135320
88.200000 -0.000003 1.147227
88.300000 0.000000 0.212571
88.400000 0.000020 3.564381
88.500000 0.000105 10.079665
88.600000 0.000285 18.404305
88.700000 0.000575 27.094849
88.800000 0.000970 34.763783
88.900000 0.001447 40.214763
89.000000 0.001974 42.555352
89.100000 0.002506 41.277075
89.200000 0.002998 36.295696
89.300000 0.003404 27.948461
89.400000 0.003688 16.949066
89.500000 0.003822 4.305102
89.600000 0.003794 -8.793739
89.700000 0.003606 -21.105668
89.800000 0.003278 -31.472258
89.900000 0.002838 -38.946061
90.000000 0.002329 -42.897779
90.100000 0.001795 -43.092270
90.200000 0.001282 -39.725538
90.300000 0.000830 -33.418514
90.400000 0.000470 -25.167456
90.500000 0.000217 -16.254933
90.600000 0.000070 -8.129097
90.700000 0.000009 -2.262089
90.800000 0.000000 -0.000528
90.900000 -0.000010 -2.422027
91.000000 -0.000080 -10.211386
91.100000 -0.000278 -23.568539
91.200000 -0.000669 -42.157713
91.300000 -0.001309 -65.103647
91.400000 -0.002242 -91.036601
91.500000 -0.003493 -118.183530
91.600000 -0.005062 -144.498597
91.700000 -0.006924 -167.822590
91.800000 -0.009032 -186.058034
91.900000 -0.011312 -197.345190
92.000000 -0.013671 -200.223784
92.100000 -0.016006 -193.766327
92.200000 -0.018202 -177.671125
92.300000 -0.020149 -152.306397
92.400000 -0.021745 -118.701007
92.500000 -0.022904 -78.481845
92.600000 -0.023563 -33.762447
92.700000 -0.023684 13.008401
92.800000 -0.023263 59.225836
92.900000 -0.022322 102.321241
93.000000 -0.020914 139.951939
93.100000 -0.019115 170.172654
93.200000 -0.017022 191.574681
93.300000 -0.014742 203.381473
93.400000 -0.012387 205.493048
93.500000 -0.010066 198.476002
93.600000 -0.007877 183.500537
93.700000 -0.005901 162.230405
93.800000 -0.004198 136.675624
93.900000 -0.002802 109.020916
94.000000 -0.001724 81.444735
94.100000 -0.000951 55.944391
94.200000 -0.000446 34.182057
94.300000 -0.000161 17.364408
94.400000 -0.000035 6.165524
94.500000 -0.000001 0.698772
94.600000 0.000001 0.538939
94.700000 0.000027 4.791432
94.800000 0.000119 12.201207
94.900000 0.000305 21.290631
95.000000 0.000593 30.513035
95.100000 0.000976 38.407477
95.200000 0.001432 43.740340
95.300000 0.001928 45.620760
95.400000 0.002422 43.579487
95.500000 0.002871 37.604267
95.600000 0.003234 28.128961
95.700000 0.003477 15.978001
95.800000 0.003578 2.271949
95.900000 0.003526 -11.696387
96.000000 0.003327 -24.603093
96.100000 0.003000 -35.237667
96.200000 0.002576 -42.636753
96.300000 0.002093 -46.193846
96.400000 0.001594 -45.733968
96.500000 0.001122 -41.545538
96.600000 0.000713 -34.365675
96.700000 0.000392 -25.319521
96.800000 0.000173 -15.818551
96.900000 0.000051 -7.426751
97.000000 0.000005 -1.706735
97.100000 -0.000000 -0.059915
97.200000 -0.000014 -3.575697
97.300000 -0.000096 -12.904073
97.400000 -0.000308 -28.164145
97.500000 -0.000709 -48.898063
97.600000 -0.001352 -74.075911
97.700000 -0.002274 -102.152594
97.800000 -0.003495 -131.173106
97.900000 -0.005012 -158.918187
98.000000 -0.006798 -183.078603
98.100000 -0.008803 -201.443561
98.200000 -0.010957 -212.087276
98.300000 -0.013170 -213.537569
98.400000 -0.015341 -204.911723
98.500000 -0.017366 -186.007417
98.600000 -0.019142 -157.340277
98.700000 -0.020574 -120.124067
98.800000 -0.021585 -76.194393
98.900000 -0.022121 -27.881641
99.000000 -0.022150 22.156800
99.100000 -0.021673 71.131435
99.200000 -0.020715 116.326757
99.300000 -0.019331 155.301596
99.400000 -0.017594 186.067266
99.500000 -0.015597 207.228924
99.600000 -0.013443 218.078691
99.700000 -0.011236 218.633206
99.800000 -0.009077 209.613024
99.900000 -0.007055 192.366213
100.000000 -0.005243 168.743232
