775.883  1.181396E-10  
1551.946  2.128747E-10  
2327.901  3.423401E-10  
3103.518  4.950223E-10  
3879.135  6.141739E-10  
4655.516  7.829881E-10  
5432.193  9.086206E-10  
6208.871  1.008890E-09  
6985.549  1.211549E-09  
7762.227  1.280448E-09  
8538.904  1.505349E-09  
9315.582  1.619155E-09  
10092.260  1.673415E-09  
10868.938  1.794115E-09  
11645.615  1.882243E-09  
12422.293  2.045542E-09  
13198.971  2.103609E-09  
13975.648  2.118851E-09  
14752.326  2.168677E-09  
15529.004  2.438409E-09  
16305.682  2.548110E-09  
17078.543  2.711966E-09  
17850.977  2.777590E-09  
18623.410  2.781910E-09  
19395.844  2.815726E-09  
20168.277  3.069051E-09  
20940.711  3.077789E-09  
21713.145  3.248635E-09  
22485.578  3.396588E-09  
23258.012  3.418804E-09  
24030.445  3.713703E-09  
24802.879  3.939721E-09  
25575.312  3.859193E-09  
26347.746  3.718491E-09  
27120.180  3.872308E-09  
27892.613  4.131079E-09  
28665.047  4.403460E-09  
29437.480  4.687952E-09  
30209.914  4.776421E-09  
30982.348  4.725436E-09  
31754.781  4.692218E-09  
32527.215  4.644472E-09  
33305.492  4.727584E-09  
34086.414  4.589042E-09  
34867.336  4.602498E-09  
35648.258  4.543045E-09  
36429.180  4.744630E-09  
37210.102  4.667463E-09  
37991.023  4.666450E-09  
38771.945  4.757063E-09  
39552.867  4.943628E-09  
40333.789  5.064894E-09  
41114.711  5.415421E-09  
41895.633  5.364557E-09  
42676.555  5.318226E-09  
43457.477  5.508260E-09  
44238.398  5.684508E-09  
45019.320  5.790225E-09  
45800.242  5.786158E-09  
46581.164  5.821405E-09  
47362.086  5.844052E-09  
48143.008  5.792284E-09  
48923.930  5.712146E-09  
49704.852  5.936201E-09  
50485.773  5.856399E-09  
51266.695  5.980027E-09  
52047.617  6.060775E-09  
52828.539  6.151740E-09  
53609.461  6.348743E-09  
54390.383  6.545633E-09  
55171.305  6.602412E-09  
55952.227  6.692890E-09  
56733.148  6.841020E-09  
57514.070  6.990997E-09  
58294.992  7.390925E-09  
59075.914  7.710415E-09  
59856.836  7.820283E-09  
60637.758  7.889934E-09  
61418.680  8.037910E-09  
62199.602  8.372922E-09  
62980.523  8.397805E-09  
63761.445  8.487733E-09  
64542.367  8.610193E-09  
65323.289  8.771055E-09  
66104.211  9.003592E-09  
66885.133  9.031036E-09  
67666.055  9.298133E-09  
68446.977  9.375429E-09  
69227.898  9.419810E-09  
70008.820  9.726813E-09  
70789.742  9.891250E-09  
71570.664  9.758442E-09  
72351.586  9.929180E-09  
73132.508  1.026599E-08  
73913.430  1.000020E-08  
74694.352  1.036471E-08  
75475.273  1.037249E-08  
76256.195  1.058972E-08  
77037.117  1.076659E-08  
77818.039  1.095616E-08  
78598.961  1.139936E-08  
79379.883  1.133652E-08  
80160.805  1.115111E-08  
80941.727  1.132065E-08  
81722.648  1.116924E-08  
82503.570  1.104957E-08  
83284.492  1.113288E-08  
84065.414  1.117164E-08  
84846.336  1.163432E-08  
85627.258  1.173138E-08  
86408.180  1.153005E-08  
87189.102  1.147134E-08  
87970.023  1.162837E-08  
88750.945  1.176943E-08  
89531.867  1.179533E-08  
90312.789  1.247235E-08  
91093.711  1.234251E-08  
91874.633  1.203877E-08  
92655.555  1.210079E-08  
93436.477  1.277381E-08  
94217.398  1.271124E-08  
94998.320  1.301391E-08  
95779.242  1.305198E-08  
96560.164  1.346518E-08  
97341.086  1.383206E-08  
98122.008  1.389402E-08  
98902.930  1.399514E-08  
99683.852  1.416533E-08  
100464.773  1.400586E-08  
101245.695  1.377546E-08  
102026.617  1.363955E-08  
102807.539  1.389108E-08  
103588.461  1.417006E-08  
104369.383  1.449087E-08  
105150.305  1.440883E-08  
105931.227  1.445416E-08  
106712.148  1.462420E-08  
107493.070  1.496902E-08  
108273.992  1.482575E-08  
109054.914  1.489137E-08  
109835.836  1.517594E-08  
110616.758  1.528677E-08  
111397.680  1.527982E-08  
112178.602  1.519656E-08  
112959.523  1.554918E-08  
113740.445  1.563792E-08  
114521.367  1.570079E-08  
115302.289  1.617234E-08  
116083.211  1.636063E-08  
116864.133  1.608181E-08  
117645.055  1.622391E-08  
118425.977  1.632349E-08  
119206.898  1.661577E-08  
119987.820  1.663041E-08  
120768.742  1.640596E-08  
121549.664  1.648694E-08  
122330.586  1.637194E-08  
123111.508  1.669095E-08  
123892.430  1.736127E-08  
124673.352  1.751224E-08  
125454.273  1.769336E-08  
126235.195  1.754531E-08  
127016.117  1.724781E-08  
127797.039  1.711327E-08  
128577.961  1.693239E-08  
129358.883  1.687889E-08  
130139.805  1.702571E-08  
130920.727  1.721930E-08  
131674.266  1.722705E-08  
132421.234  1.735115E-08  
133168.203  1.781831E-08  
133915.172  1.809120E-08  
134662.141  1.781897E-08  
135409.109  1.800914E-08  
136156.078  1.822326E-08  
136903.047  1.840209E-08  
137650.016  1.864676E-08  
138396.984  1.886769E-08  
139143.953  1.885880E-08  
139890.922  1.889945E-08  
140637.891  1.922577E-08  
141384.859  1.924808E-08  
142131.828  1.989100E-08  
142878.797  1.976769E-08  
143625.766  2.009354E-08  
144372.734  2.019773E-08  
145119.703  2.000761E-08  
145866.672  1.961540E-08  
146613.641  1.968230E-08  
147360.609  1.972926E-08  
148107.578  2.021994E-08  
148854.547  2.052077E-08  
149601.516  2.091109E-08  
150348.484  2.136632E-08  
151095.453  2.126839E-08  
151842.422  2.118093E-08  
152589.391  2.178911E-08  
153336.359  2.212978E-08  
154083.328  2.283034E-08  
154830.297  2.321948E-08  
155577.266  2.287371E-08  
156324.234  2.280784E-08  
157071.203  2.292026E-08  
157818.172  2.288053E-08  
158565.141  2.315736E-08  
159312.109  2.365351E-08  
160059.078  2.366233E-08  
160806.047  2.366144E-08  
161553.016  2.369031E-08  
162299.984  2.387434E-08  
163046.953  2.422565E-08  
163793.922  2.389830E-08  
164540.891  2.430672E-08  
165287.859  2.403312E-08  
166034.828  2.414464E-08  
166781.797  2.388951E-08  
167528.766  2.393214E-08  
168275.734  2.395109E-08  
169022.703  2.439121E-08  
169769.672  2.412234E-08  
170516.641  2.369348E-08  
171263.609  2.429426E-08  
172010.578  2.399247E-08  
172757.547  2.377678E-08  
173504.516  2.359869E-08  
174251.484  2.330075E-08  
174998.453  2.330807E-08  
175745.422  2.338448E-08  
176492.391  2.372738E-08  
177239.359  2.342463E-08  
177986.328  2.353053E-08  
178733.297  2.331237E-08  
179480.266  2.277172E-08  
180227.234  2.328699E-08  
180974.203  2.360765E-08  
181721.172  2.348056E-08  
182468.141  2.350877E-08  
183215.109  2.378228E-08  
183962.078  2.384745E-08  
184709.047  2.368900E-08  
185456.016  2.379081E-08  
186202.984  2.405344E-08  
186949.953  2.429032E-08  
187696.922  2.426710E-08  
188443.891  2.398164E-08  
189190.859  2.378648E-08  
189937.828  2.440740E-08  
190684.797  2.431037E-08  
191431.766  2.428165E-08  
192178.734  2.456260E-08  
192925.703  2.431656E-08  
193672.672  2.450374E-08  
194419.641  2.388075E-08  
195166.609  2.431520E-08  
195913.578  2.447711E-08  
196660.547  2.467780E-08  
197407.516  2.503028E-08  
198154.484  2.487214E-08  
198901.453  2.458220E-08  
199648.422  2.365415E-08  
200395.391  2.368180E-08  
201142.359  2.376569E-08  
201889.328  2.450626E-08  
202636.297  2.452749E-08  
203383.266  2.486490E-08  
204130.234  2.495511E-08  
204877.203  2.592685E-08  
205624.172  2.626887E-08  
206371.141  2.668955E-08  
207118.109  2.690351E-08  
207865.078  2.676870E-08  
208612.047  2.700261E-08  
209359.016  2.731293E-08  
210105.984  2.719901E-08  
210852.953  2.711533E-08  
211599.922  2.744501E-08  
212346.891  2.745313E-08  
213093.859  2.736160E-08  
213840.828  2.749253E-08  
214587.797  2.812377E-08  
215334.766  2.816928E-08  
216081.734  2.836702E-08  
216828.703  2.852742E-08  
217575.672  2.775103E-08  
218322.641  2.858410E-08  
219069.609  2.885979E-08  
219816.578  2.882470E-08  
220563.547  2.876918E-08  
221310.516  2.865581E-08  
222057.484  2.904235E-08  
222804.453  2.911031E-08  
223551.422  2.881982E-08  
224298.391  2.844661E-08  
225045.359  2.843859E-08  
225792.328  2.873098E-08  
226539.297  2.910172E-08  
227286.266  2.952836E-08  
228033.234  2.999022E-08  
228780.203  3.027845E-08  
229527.172  3.033111E-08  
230274.141  3.034396E-08  
231021.109  2.981800E-08  
231768.078  3.029456E-08  
232515.047  3.068409E-08  
233262.016  3.043999E-08  
234008.984  3.063710E-08  
234755.953  3.097605E-08  
235502.922  3.095117E-08  
236249.891  3.069249E-08  
236996.859  3.066116E-08  
237743.828  3.035396E-08  
238490.797  3.125914E-08  
239237.766  3.198266E-08  
239984.734  3.213051E-08  
240731.703  3.211964E-08  
241478.672  3.285959E-08  
242225.641  3.340767E-08  
242972.609  3.342886E-08  
243719.578  3.439003E-08  
244466.547  3.434032E-08  
245213.516  3.451914E-08  
245960.484  3.416826E-08  
246707.453  3.410689E-08  
247454.422  3.354028E-08  
248201.391  3.266772E-08  
248948.359  3.311382E-08  
249695.328  3.357083E-08  
250442.297  3.305782E-08  
251189.266  3.362130E-08  
251936.234  3.445193E-08  
252683.203  3.438134E-08  
253430.172  3.444256E-08  
254177.141  3.446466E-08  
254924.109  3.389725E-08  
255671.078  3.395329E-08  
256418.047  3.431868E-08  
257165.016  3.537802E-08  
257911.984  3.540808E-08  
258658.953  3.587262E-08  
259405.922  3.605258E-08  
260152.891  3.675476E-08  
260899.859  3.666375E-08  
261646.828  3.690590E-08  
262416.500  3.725340E-08  
263231.375  3.721540E-08  
264046.250  3.757990E-08  
264861.125  3.763273E-08  
265676.000  3.760955E-08  
266490.875  3.794227E-08  
267305.750  3.833941E-08  
268120.625  3.788032E-08  
268935.500  3.842707E-08  
269750.375  3.889277E-08  
270565.250  3.862219E-08  
271380.125  3.851427E-08  
272195.000  3.926024E-08  
273009.875  3.918392E-08  
273824.750  3.968272E-08  
274639.625  3.949755E-08  
275454.500  3.943601E-08  
276269.375  3.953253E-08  
277084.250  3.988009E-08  
277899.125  3.967374E-08  
278714.000  3.988334E-08  
279528.875  3.998285E-08  
280343.750  4.078767E-08  
281158.625  4.116957E-08  
281973.500  4.125160E-08  
282788.375  4.090519E-08  
283603.250  4.050515E-08  
284418.125  4.113777E-08  
285233.000  4.104529E-08  
286047.875  4.122033E-08  
286862.750  4.066174E-08  
287677.625  4.028910E-08  
288492.500  3.948561E-08  
289307.375  3.994895E-08  
290122.250  3.999356E-08  
290937.125  3.997771E-08  
291752.000  3.958928E-08  
292566.875  4.047536E-08  
293381.750  4.052207E-08  
294196.625  4.088929E-08  
295011.500  4.099063E-08  
295826.375  4.053055E-08  
296641.250  4.112517E-08  
297456.125  4.127614E-08  
298271.000  4.102417E-08  
299085.875  4.185803E-08  
299900.750  4.201960E-08  
300715.625  4.203372E-08  
301530.500  4.224015E-08  
302345.375  4.324212E-08  
303160.250  4.282457E-08  
303975.125  4.312072E-08  
304790.000  4.341653E-08  
305604.875  4.292185E-08  
306419.750  4.330364E-08  
307234.625  4.352381E-08  
308049.500  4.359364E-08  
308864.375  4.373832E-08  
309679.250  4.433626E-08  
310494.125  4.411833E-08  
311309.000  4.344478E-08  
312123.875  4.314218E-08  
312938.750  4.362493E-08  
313753.625  4.458146E-08  
314568.500  4.544886E-08  
315383.375  4.525035E-08  
316198.250  4.591468E-08  
317013.125  4.538554E-08  
317828.000  4.549173E-08  
318642.875  4.441749E-08  
319457.750  4.399873E-08  
320272.625  4.400585E-08  
321087.500  4.426995E-08  
321902.375  4.469124E-08  
322717.250  4.553091E-08  
323532.125  4.620866E-08  
324347.000  4.545330E-08  
325161.875  4.633962E-08  
325976.750  4.669658E-08  
326791.625  4.645332E-08  
327606.500  4.674273E-08  
328421.375  4.707612E-08  
329236.250  4.769140E-08  
330051.125  4.822051E-08  
330866.000  4.788227E-08  
331680.875  4.860115E-08  
332495.750  4.843034E-08  
333310.625  4.954754E-08  
334125.500  4.903102E-08  
334940.375  4.918954E-08  
335755.250  4.877520E-08  
336570.125  4.835551E-08  
337385.000  4.884949E-08  
338199.875  4.923303E-08  
339014.750  5.025361E-08  
339829.625  5.153450E-08  
340644.500  5.194367E-08  
341459.375  5.312097E-08  
342274.250  5.352412E-08  
343089.125  5.310747E-08  
343904.000  5.213243E-08  
344718.875  5.186032E-08  
345533.750  5.240574E-08  
346348.625  5.272912E-08  
347163.500  5.363213E-08  
347978.375  5.441215E-08  
348793.250  5.570406E-08  
349608.125  5.617764E-08  
350423.000  5.545583E-08  
351237.875  5.535541E-08  
352052.750  5.556865E-08  
352867.625  5.603852E-08  
353682.500  5.645712E-08  
354497.375  5.679041E-08  
355312.250  5.691998E-08  
356127.125  5.742928E-08  
356942.000  5.761757E-08  
357756.875  5.669873E-08  
358571.750  5.708313E-08  
359386.625  5.723923E-08  
360201.500  5.797922E-08  
361016.375  5.798565E-08  
361831.250  5.841885E-08  
362646.125  5.827567E-08  
363461.000  5.864824E-08  
364275.875  5.825207E-08  
365090.750  5.793960E-08  
365905.625  5.856015E-08  
366720.500  5.864056E-08  
367535.375  5.876051E-08  
368350.250  6.002581E-08  
369165.125  6.048855E-08  
369980.000  6.071959E-08  
370794.875  6.095676E-08  
371609.750  6.129494E-08  
372424.625  6.200428E-08  
373239.500  6.207317E-08  
374054.375  6.271373E-08  
374869.250  6.298301E-08  
375684.125  6.368350E-08  
376499.000  6.408242E-08  
377313.875  6.423394E-08  
378128.750  6.417862E-08  
378943.625  6.459586E-08  
379758.500  6.576481E-08  
380573.375  6.600319E-08  
381388.250  6.696155E-08  
382203.125  6.713413E-08  
383018.000  6.805157E-08  
383832.875  6.823753E-08  
384647.750  6.843027E-08  
385462.625  6.821870E-08  
386277.500  6.902813E-08  
387092.375  6.873868E-08  
387907.250  6.842019E-08  
388722.125  6.903363E-08  
389537.000  6.861863E-08  
390351.875  6.782252E-08  
391166.750  6.719784E-08  
391981.625  6.673914E-08  
392796.500  6.774256E-08  
393611.375  6.701105E-08  
