2.000000 1.087231 1.000000
4.000000 0.865230 0.256580
6.000000 0.788510 0.097298
8.000000 0.749555 0.051970
10.000000 0.725969 0.032489
12.000000 0.710147 0.022279
14.000000 0.698795 0.016246
16.000000 0.690250 0.012379
18.000000 0.683585 0.009750
20.000000 0.678240 0.007880
22.000000 0.673858 0.006502
24.000000 0.670201 0.005458
26.000000 0.667101 0.004646
28.000000 0.664441 0.004004
30.000000 0.662133 0.003486
32.000000 0.660111 0.003063
34.000000 0.658325 0.002713
36.000000 0.656736 0.002419
38.000000 0.655314 0.002171
40.000000 0.654032 0.001959
42.000000 0.652872 0.001777
44.000000 0.651817 0.001619
46.000000 0.650853 0.001481
48.000000 0.649969 0.001360
50.000000 0.649155 0.001254
52.000000 0.648403 0.001159
54.000000 0.647707 0.001075
56.000000 0.647060 0.001000
58.000000 0.646458 0.000932
60.000000 0.645895 0.000871
62.000000 0.645369 0.000816
64.000000 0.644875 0.000766
66.000000 0.644411 0.000720
68.000000 0.643975 0.000678
70.000000 0.643563 0.000640
72.000000 0.643173 0.000605
74.000000 0.642805 0.000573
76.000000 0.642456 0.000543
78.000000 0.642125 0.000516
80.000000 0.641811 0.000490
82.000000 0.641511 0.000467
84.000000 0.641226 0.000445
86.000000 0.640954 0.000424
88.000000 0.640694 0.000405
90.000000 0.640446 0.000387
92.000000 0.640209 0.000371
94.000000 0.639981 0.000355
96.000000 0.639764 0.000341
98.000000 0.639554 0.000327
100.000000 0.639354 0.000314
