2.000000 0.949641 1.000000
4.000000 0.791230 0.200209
6.000000 0.737839 0.072361
8.000000 0.710997 0.037752
10.000000 0.694832 0.023264
12.000000 0.684027 0.015797
14.000000 0.676292 0.011437
16.000000 0.670481 0.008667
18.000000 0.665955 0.006796
20.000000 0.662330 0.005473
22.000000 0.659361 0.004503
24.000000 0.656885 0.003770
26.000000 0.654788 0.003202
28.000000 0.652990 0.002754
30.000000 0.651430 0.002394
32.000000 0.650064 0.002101
34.000000 0.648859 0.001858
36.000000 0.647787 0.001655
38.000000 0.646827 0.001484
40.000000 0.645963 0.001338
42.000000 0.645181 0.001212
44.000000 0.644470 0.001103
46.000000 0.643820 0.001009
48.000000 0.643225 0.000926
50.000000 0.642677 0.000853
52.000000 0.642171 0.000788
54.000000 0.641702 0.000730
56.000000 0.641267 0.000679
58.000000 0.640861 0.000633
60.000000 0.640483 0.000591
62.000000 0.640129 0.000553
64.000000 0.639797 0.000519
66.000000 0.639485 0.000488
68.000000 0.639191 0.000459
70.000000 0.638914 0.000433
72.000000 0.638653 0.000410
74.000000 0.638405 0.000388
76.000000 0.638171 0.000367
78.000000 0.637948 0.000349
80.000000 0.637737 0.000331
82.000000 0.637536 0.000315
84.000000 0.637344 0.000301
86.000000 0.637161 0.000287
88.000000 0.636987 0.000274
90.000000 0.636820 0.000262
92.000000 0.636661 0.000250
94.000000 0.636508 0.000240
96.000000 0.636362 0.000230
98.000000 0.636221 0.000221
100.000000 0.636087 0.000212
